nom,adresse,code_postal,latitude,longitude,region_source
SG AUVERGNE RHÔNE ALPES,"1 AVENUE DE VERDUN, 01500 AMBERIEU EN BUGEY",1500,45.9597597,5.3487316,agences-ain-01
SG LAYDERNIER,"30 BD DU MAIL, 01300 BELLEY",1300,45.7598101,5.6897906,agences-ain-01
SG AUVERGNE RHÔNE ALPES,"15 PL BERNARD, 01000 BOURG EN BRESSE",1000,46.2069326,5.2280554,agences-ain-01
SG LAYDERNIER,"252 AV DE GENEVE, 01220 DIVONNE LES BAINS",1220,46.3488477,6.1466573,agences-ain-01
SG LAYDERNIER,"4 AV VOLTAIRE, 01210 FERNEY VOLTAIRE",1210,46.2560516,6.1088325,agences-ain-01
SG LAYDERNIER,"39 PLACE DU JURA, 01170 GEX",1170,46.3323982,6.0589668,agences-ain-01
SG AUVERGNE RHÔNE ALPES,"84 R LEON M FOURNET, 01480 JASSANS RIOTTIER",1480,45.9852574,4.7567329,agences-ain-01
SG AUVERGNE RHÔNE ALPES,"53 RUE PASTEUR, 01150 LAGNIEU",1150,45.90306,5.3487092,agences-ain-01
SG AUVERGNE RHÔNE ALPES,"5 RUE DE LYON, 01800 MEXIMIEUX",1800,45.9028746,5.1915899,agences-ain-01
SG AUVERGNE RHÔNE ALPES,"161 RUE GENERAL DEGOUTTE, 01700 MIRIBEL",1700,45.8246847,4.949698,agences-ain-01
SG AUVERGNE RHÔNE ALPES,"11 RUE BICHAT, 01100 OYONNAX",1100,46.2584531,5.6555523,agences-ain-01
SG LAYDERNIER,"3 RUE DE GEX, 01630 ST GENIS POUILLY",1630,46.243562,6.0208027,agences-ain-01
SG LAYDERNIER,"24 RUE LA REPUBLIQUE, 01200 VALSERHONE",1200,46.1080056,5.8034194,agences-ain-01
SG CREDIT DU NORD,"1 RUE DU CHATEAU, 02110 BOHAIN EN VERMANDOIS",2110,49.985938,3.4573505,agences-aisne-02
SG GRAND EST,"3 PL DU GAL DE GAULLE, 02310 CHARLY SUR MARNE",2310,48.9776813,3.2878024,agences-aisne-02
SG GRAND EST,"1 PL DES ETATS UNIS, 02400 CHATEAU THIERRY",2400,49.0445971,3.402099,agences-aisne-02
SG CREDIT DU NORD,"24 RUE ARTHUR LACROIX, 02300 CHAUNY",2300,49.612102,3.22244,agences-aisne-02
SG CREDIT DU NORD,"61 RUE ANDRE GODIN, 02120 GUISE",2120,49.9025075,3.625961,agences-aisne-02
SG CREDIT DU NORD,"35 RUE DE LA REPUBLIQUE, 02800 LA FERE",2800,49.6612735,3.3668891,agences-aisne-02
SG CREDIT DU NORD,"7 BD DE LYON, 02000 LAON",2000,49.5696266,3.6257889,agences-aisne-02
SG CREDIT DU NORD,"12 RUE CLEMENCEAU, 02340 MONTCORNET",2340,49.6952081,4.0133921,agences-aisne-02
SG CREDIT DU NORD,"89 RUE PASTEUR, 02390 ORIGNY STE BENOITE",2390,49.840159,3.489143,agences-aisne-02
SG CREDIT DU NORD,"2 PL DAUPHINE, 02200 SOISSONS",2200,49.377617,3.326212,agences-aisne-02
SG CREDIT DU NORD,"16 RUE D'ISLE, 02100 ST QUENTIN",2100,49.8451657,3.2902171,agences-aisne-02
SG CREDIT DU NORD,"1 PL DU CENTENAIRE, 02140 VERVINS",2140,49.833235,3.904905,agences-aisne-02
SG CREDIT DU NORD,"2 RUE ALEXANDRE DUMAS, 02600 VILLERS COTTERETS",2600,49.253587,3.090675,agences-aisne-02
SG AUVERGNE RHÔNE ALPES,"3 PL CENTENAIRE DE LA REPUBLI, 03300 CUSSET",3300,46.1399074,3.4842532,agences-allier-03
SG AUVERGNE RHÔNE ALPES,"50 GRANDE RUE, 03800 GANNAT",3800,46.0999304,3.1976306,agences-allier-03
SG AUVERGNE RHÔNE ALPES,"6 B BD DE COURTAIS, 03100 MONTLUCON",3100,46.338583,2.6069269,agences-allier-03
SG AUVERGNE RHÔNE ALPES,"48 PL D'ALLIER, 03000 MOULINS",3000,46.5647887,3.3303156,agences-allier-03
SG AUVERGNE RHÔNE ALPES,"1 AV PASTEUR, 03500 ST POURCAIN SUR SIOULE",3500,46.3089189,3.290779,agences-allier-03
SG AUVERGNE RHÔNE ALPES,"22 RUE PD WILSON, 03200 VICHY",3200,46.1161411,3.4538893,agences-allier-03
SG SMC,"8 PL TAMPINET, 04000 DIGNE LES BAINS",4000,44.1213154,6.1970439,agences-alpes-de-haute-provence-04
SG SMC,"3 PL DU BOURGUET, 04300 FORCALQUIER",4300,43.9595043,5.7808642,agences-alpes-de-haute-provence-04
SG SMC,"ROUTE NATIONALE 96, 04700 LA BRILLANNE",4700,43.9276852,5.8909815,agences-alpes-de-haute-provence-04
SG SMC,"5 T BD ELEMIR BOURGES, 04100 MANOSQUE",4100,43.8334942,5.781057,agences-alpes-de-haute-provence-04
SG SMC,"304 B AV DE LA LIBERATION, 04100 MANOSQUE",4100,43.8198009,5.7946144,agences-alpes-de-haute-provence-04
SG SMC,"79 ALL LOUIS GARDIOL, 04500 RIEZ",4500,43.8177875,6.090644,agences-alpes-de-haute-provence-04
SG SMC,"15 AV PAUL ARENE, 04200 SISTERON",4200,44.1955934,5.9424337,agences-alpes-de-haute-provence-04
SG SMC,"324 RTE DE GRASSE, 06600 ANTIBES",6600,43.5925964,7.1029012,agences-alpes-maritimes-06
SG SMC,"8 9 PL GAL DE GAULLE, 06600 ANTIBES",6600,43.5856778,7.1190595,agences-alpes-maritimes-06
SG SMC,"1 BD MARECHAL JOFFRE, 06310 BEAULIEU SUR MER",6310,43.7059926,7.3274988,agences-alpes-maritimes-06
SG SMC,"9 AV DE NICE, 06800 CAGNES SUR MER",6800,43.6558552,7.153059,agences-alpes-maritimes-06
SG SMC,"64-66 AV DE NICE, 06800 CAGNES SUR MER",6800,43.6553898,7.1522222,agences-alpes-maritimes-06
SG SMC,"66 AV FRANCIS TONNER, 06150 CANNES",6150,43.5500731,6.9659176,agences-alpes-maritimes-06
SG SMC,"14 RUE D'ANTIBES, 06400 CANNES",6400,43.5522801,7.0171097,agences-alpes-maritimes-06
SG SMC,"96 AV GEORGES POMPIDOU, 06130 GRASSE",6130,43.6481294,6.9361335,agences-alpes-maritimes-06
SG SMC,"140 BD WILSON, 06160 ANTIBES",6160,43.5737585,7.1165158,agences-alpes-maritimes-06
SG SMC,"64 B RUE G CLEMENCEAU, 06480 LA COLLE SUR LOUP",6480,43.6869253,7.0927426,agences-alpes-maritimes-06
SG SMC,"12 RUE DES MURIERS, 06110 LE CANNET",6110,43.5734439,7.0172108,agences-alpes-maritimes-06
SG SMC,"98 BD SADI CARNOT, 06110 CANNET",6110,43.5745809,7.0162811,agences-alpes-maritimes-06
SG SMC,"69 AV FRANKLIN ROOSEVELT, 06110 LE CANNET",6110,43.572783,7.0001987,agences-alpes-maritimes-06
SG SMC,"42 CHE DU FLAQUIER NORD, 06530 LE TIGNET",6530,43.6286553,6.8503664,agences-alpes-maritimes-06
SG SMC,"809 BD DES ECUREUILS, 06210 MANDELIEU LA NAPOULE",6210,43.5454871,6.9401958,agences-alpes-maritimes-06
SG SMC,"6 AV BOYER, 06500 MENTON",6500,43.7739591,7.4977457,agences-alpes-maritimes-06
SG SMC,"27 PORTE DE FRANCE, 06500 MENTON",6500,43.7846522,7.5210466,agences-alpes-maritimes-06
SG SMC,"600 RTE DE LA ROQUETTE, 06370 MOUANS SARTOUX",6370,43.612912,6.968826,agences-alpes-maritimes-06
SG SMC,"52 AV DE TOURNAMY, 06250 MOUGINS",6250,43.6033576,6.9871421,agences-alpes-maritimes-06
SG SMC,"45 BD DUBOUCHAGE, 06000 NICE",6000,43.7005788,7.2684985,agences-alpes-maritimes-06
SG SMC,"39 T BD DE CIMIEZ, 06000 NICE",6000,43.7060268,7.2702279,agences-alpes-maritimes-06
SG SMC,"82 BD DE CIMIEZ, 06000 NICE",6000,43.716524,7.2726815,agences-alpes-maritimes-06
SG SMC,"10 PL GARIBALDI, 06000 NICE",6000,43.701269,7.2806016,agences-alpes-maritimes-06
SG SMC,"30 BD GORBELLA, 06100 NICE",6100,43.7202392,7.2567918,agences-alpes-maritimes-06
SG SMC,"21 BD FRANCOIS GROSSO, 06000 NICE",6000,43.6958577,7.2516071,agences-alpes-maritimes-06
SG SMC,"8 AV JEAN MEDECIN, 06000 NICE",6000,43.6989444,7.2692384,agences-alpes-maritimes-06
SG SMC,"2 PL ILE DE BEAUTE, 06300 NICE",6300,43.698537,7.2853053,agences-alpes-maritimes-06
SG SMC,"15 B RUE LEPANTE, 06000 NICE",6000,43.7013202,7.2652069,agences-alpes-maritimes-06
SG SMC,"4 PL GAL DE GAULLE, 06000 NICE",6000,43.7013202,7.2652069,agences-alpes-maritimes-06
SG SMC,"15 AV DE LA CALIFORNIE, 06200 NICE",6200,43.6907121,7.2437571,agences-alpes-maritimes-06
SG SMC,"31 AV MALAUSSENA, 06000 NICE",6000,43.7088986,7.2624545,agences-alpes-maritimes-06
SG SMC,"22 RUE VERDI, 06000 NICE",6000,43.6996682,7.2594872,agences-alpes-maritimes-06
SG SMC,"17 AV AUGUSTE VEROLA, 06200 NICE",6200,43.7106397,7.1939782,agences-alpes-maritimes-06
SG SMC,"22 AV SAINT-SYLVESTRE, 06100 NICE",6100,43.7255071,7.2504649,agences-alpes-maritimes-06
SG SMC,"6 BD SAINT-ROCH, 06300 NICE",6300,43.7092179,7.2929302,agences-alpes-maritimes-06
SG SMC,"40 AV STE-MARGUERITE, 06200 NICE",6200,43.6782472,7.2204715,agences-alpes-maritimes-06
SG SMC,"2 RUE LEBON, 06530 PEYMEINADE",6530,43.641991,6.8756858,agences-alpes-maritimes-06
SG SMC,"CENTRE COMMERCIAL 3000, 06700 ST LAURENT DU VAR",6700,43.6592725,7.1953374,agences-alpes-maritimes-06
SG SMC,"2 PL ALEXIS MAIFFREDI, 06670 ST MARTIN DU VAR",6670,43.8218819,7.1918039,agences-alpes-maritimes-06
SG SMC,"109 QU DE LA BANQUIERE, 06730 ST ANDRE DE LA ROCHE",6730,43.7352776,7.2877711,agences-alpes-maritimes-06
SG SMC,"396 AV DU GAL LECLERC, 06700 ST LAURENT DU VAR",6700,43.6863966,7.1829613,agences-alpes-maritimes-06
SG SMC,"4 RUE GAMBETTA, 06560 VALBONNE",6560,43.6420552,7.0079956,agences-alpes-maritimes-06
SG SMC,"PL BERMOND, 06560 VALBONNE",6560,43.6217816,7.0392432,agences-alpes-maritimes-06
SG SMC,"28 AVENUE DE LA GARE, 06220 VALLAURIS",6220,43.567436,7.0739252,agences-alpes-maritimes-06
SG SMC,"10 AV DE LA RESISTANCE, 06140 VENCE",6140,43.7229015,7.1103101,agences-alpes-maritimes-06
SG SMC,"2 AVENUE DE LA MER, 06270 VILLENEUVE LOUBET",6270,43.6417376,7.140526,agences-alpes-maritimes-06
SG AUVERGNE RHÔNE ALPES,"14 AV DE LA GARE, 07100 ANNONAY",7100,45.2452514,4.6749679,agences-ardeche-07
SG AUVERGNE RHÔNE ALPES,"3 PL DU GAL DE GAULLE, 07200 AUBENAS",7200,44.606727,4.3448089,agences-ardeche-07
SG AUVERGNE RHÔNE ALPES,"29 PL JEAN JAURES, 07500 GUILHERAND GRANGES",7500,44.9332352,4.8803384,agences-ardeche-07
SG AUVERGNE RHÔNE ALPES,"68 RUE NATIONALE, 07120 RUOMS",7120,44.4540588,4.3410519,agences-ardeche-07
SG AUVERGNE RHÔNE ALPES,"4 RUE BOISSY D ANGLAS, 07300 TOURNON SUR RHONE",7300,45.0676275,4.8339081,agences-ardeche-07
SG GRAND EST,"5 AV JEAN JAURES, 08000 CHARLEVILLE MEZIERES",8000,49.7707801,4.7201284,agences-ardennes-08
SG GRAND EST,"1 PL DU 148 EME RGT D'INFANTE, 08600 GIVET",8600,50.1111887,4.8224902,agences-ardennes-08
SG GRAND EST,"24 PL DE LA REPUBLIQUE, 08300 RETHEL",8300,49.5086947,4.3660933,agences-ardennes-08
SG GRAND EST,"20 AV MARECHAL LECLERC, 08200 SEDAN",8200,49.7002005,4.9449107,agences-ardennes-08
SG COURTOIS,"4 AV DU GENERAL LECLERC, 09000 FOIX",9000,42.9711351,1.6082695,agences-ariege-09
SG COURTOIS,"10 AV DU 11 NOVEMBRE, 09300 LAVELANET",9300,42.9329098,1.8486398,agences-ariege-09
SG COURTOIS,"5 RTE DE FOIX, 09100 PAMIERS",9100,43.1019727,1.6221762,agences-ariege-09
SG COURTOIS,"1 PL VAILLANT COUTURIER, 09200 ST GIRONS",9200,42.9832897,1.1434901,agences-ariege-09
SG COURTOIS,"22 RUE DE LA REPUBLIQUE, 09400 TARASCON SUR ARIEGE",9400,42.8475818,1.6073196,agences-ariege-09
SG GRAND EST,"20 RUE ROGER SALENGRO, 10600 LA CHAPELLE ST LUC",10600,48.3072629,4.0285693,agences-aube-10
SG GRAND EST,"77 RUE DE LA BOULE D'OR, 10100 ROMILLY SUR SEINE",10100,48.516209,3.7259887,agences-aube-10
SG GRAND EST,"98 AV GALLIENI, 10300 STE SAVINE",10300,48.2933235,4.0495889,agences-aube-10
SG GRAND EST,"11 PL DU MARECHAL FOCH, 10000 TROYES",10000,48.292587,4.0851266,agences-aube-10
SG GRAND EST,"70 AV P. BROSSOLETTE, 10000 TROYES",10000,48.292587,4.0851266,agences-aube-10
SG COURTOIS,"15 RUE VICTOR HUGO, 11000 CARCASSONNE",11000,43.2303246,2.5366146,agences-aude-11
SG COURTOIS,"46 AV DR HENRI GOUT, 11000 CARCASSONNE",11000,43.2077173,2.3399686,agences-aude-11
SG COURTOIS,"27 CRS REPUBLIQUE, 11400 CASTELNAUDARY",11400,43.3182262,1.9534978,agences-aude-11
SG COURTOIS,"28 CRS REPUBLIQUE, 11200 LEZIGNAN CORBIERES",11200,43.2008131,2.7571844,agences-aude-11
SG COURTOIS,"16 RUE JEAN JAURES, 11300 LIMOUX",11300,43.0545793,2.2170703,agences-aude-11
SG COURTOIS,"3 5 CRS REPUBLIQUE, 11100 NARBONNE",11100,43.1494468,3.0035427,agences-aude-11
SG COURTOIS,"ROUTE DE PERPIGNAN, 11100 NARBONNE",11100,43.158138,2.9820588,agences-aude-11
SG COURTOIS,"1 BD DE LA MEDITERRANEE, 11100 NARBONNE",11100,43.15933,3.1670178,agences-aude-11
SG COURTOIS,"7 PL DE LA CAPELLE, 12100 MILLAU",12100,44.1002813,3.081215,agences-aveyron-12
SG COURTOIS,"62 RTE D'ESPALION, 12850 ONET LE CHATEAU",12850,44.3692384,2.5902383,agences-aveyron-12
SG COURTOIS,"2-4 PL GAL DE GAULLE, 12000 RODEZ",12000,44.3451785,2.5789654,agences-aveyron-12
SG COURTOIS,"11 BD EMILE BOREL, 12400 ST AFFRIQUE",12400,43.9571749,2.8895107,agences-aveyron-12
SG COURTOIS,"6 R STE EMILIE DE RODAT, 12200 VILLEFRANCHE DE ROUERGUE",12200,44.3498067,2.0343031,agences-aveyron-12
SG GRAND EST,"22 RUE JACQUES KABLE, 67170 BRUMATH",67170,48.7300761,7.7108334,agences-bas-rhin-67
SG GRAND EST,"5 RUE MERCIERE, 67150 ERSTEIN",67150,48.4227304,7.6618232,agences-bas-rhin-67
SG GRAND EST,"97 GRAND'RUE, 67500 HAGUENAU",67500,48.815224,7.7911559,agences-bas-rhin-67
SG GRAND EST,"150 RTE DE LYON, 67400 ILLKIRCH GRAFFENSTADEN",67400,48.5285658,7.7104319,agences-bas-rhin-67
SG GRAND EST,"38 PL DE L'HOTEL DE VILLE, 67120 MOLSHEIM",67120,48.5418512,7.4923276,agences-bas-rhin-67
SG GRAND EST,"37 RUE DU GENERAL GOURAUD, 67210 OBERNAI",67210,48.4622561,7.4846132,agences-bas-rhin-67
SG GRAND EST,"70 RUE DU GEN LECLERC, 67540 OSTWALD",67540,48.5468972,7.700593,agences-bas-rhin-67
SG GRAND EST,"1 PL DE LA REPUBLIQUE, 67260 SARRE UNION",67260,48.9390827,7.0864033,agences-bas-rhin-67
SG GRAND EST,"2 PL DU GENERAL DE GAULLE, 67700 SAVERNE",67700,48.7216248,7.6357003,agences-bas-rhin-67
SG GRAND EST,"116 RTE DE BISCHWILLER, 67300 SCHILTIGHEIM",67300,48.6059018,7.7486483,agences-bas-rhin-67
SG GRAND EST,"10 AV DE LA LIBERTE, 67600 SELESTAT",67600,48.2585556,7.4484345,agences-bas-rhin-67
SG GRAND EST,"34 BD D'ANVERS, 67000 STRASBOURG",67000,48.5851352,7.7725967,agences-bas-rhin-67
SG GRAND EST,"93 RUE BOECKLIN, 67000 STRASBOURG",67000,48.6020284,7.782555,agences-bas-rhin-67
SG GRAND EST,"1 QU DU GENERAL KOENIG, 67000 STRASBOURG",67000,48.5754246,7.7549865,agences-bas-rhin-67
SG GRAND EST,"4 RUE DU DOME, 67000 STRASBOURG",67000,48.5836302,7.7497528,agences-bas-rhin-67
SG GRAND EST,"28 AV GAL DE GAULLE, 67000 STRASBOURG",67000,48.5832105,7.755822,agences-bas-rhin-67
SG GRAND EST,"AV DE L'EUROPE, 67000 STRASBOURG",67000,48.5925042,7.7700903,agences-bas-rhin-67
SG GRAND EST,"255 RTE DE MITTELHAUSBERGEN, 67200 STRASBOURG",67200,48.5972874,7.7151042,agences-bas-rhin-67
SG GRAND EST,"65 RTE DES ROMAINS, 67200 STRASBOURG",67200,48.5792921,7.714503,agences-bas-rhin-67
SG GRAND EST,"267 AV DE COLMAR, 67100 STRASBOURG",67100,48.5534409,7.744746,agences-bas-rhin-67
SG GRAND EST,"8 PL SEBASTIEN BRANT, 67000 STRASBOURG",67000,48.5859077,7.7630309,agences-bas-rhin-67
SG GRAND EST,"1 RUE NATIONALE, 67160 WISSEMBOURG",67160,49.0367732,7.9448778,agences-bas-rhin-67
SG SMC,"27 SQ ABBE BLAISE, 13080 AIX EN PROVENCE",13080,43.4984523,5.4194028,agences-bouches-du-rhone-13
SG SMC,"15 PL WALDECK-ROUSSEAU, 13540 AIX EN PROVENCE",13540,43.5809456,5.4230566,agences-bouches-du-rhone-13
SG SMC,"16 CRS MIRABEAU, 13100 AIX EN PROVENCE",13100,43.5263611,5.447935,agences-bouches-du-rhone-13
SG SMC,"645 RTE DE BERRE, 13090 AIX EN PROVENCE",13090,43.5346566,5.4097265,agences-bouches-du-rhone-13
SG SMC,"RUE GUILLAUME DU VAIR, 13090 AIX EN PROVENCE",13090,43.5082783,5.4086541,agences-bouches-du-rhone-13
SG SMC,"565 AV MARCELIN BERTHELOT, 13290 AIX EN PROVENCE",13290,43.4957387,5.3800833,agences-bouches-du-rhone-13
SG SMC,"67 CRS GAMBETTA, 13100 AIX EN PROVENCE",13100,43.5191482,5.4636024,agences-bouches-du-rhone-13
SG SMC,"16 CRS SEXTIUS, 13100 AIX EN PROVENCE",13100,43.53014,5.4441839,agences-bouches-du-rhone-13
SG SMC,"31 RUE DE LA REPUBLIQUE, 13200 ARLES",13200,43.4149158,4.7363848,agences-bouches-du-rhone-13
SG SMC,"69 BD EMILE COMBES, 13200 ARLES",13200,43.6752357,4.6328424,agences-bouches-du-rhone-13
SG SMC,"75 BIS AV DE STALINGRAD, 13200 ARLES",13200,43.698068,4.6424843,agences-bouches-du-rhone-13
SG SMC,"1120 RTE DE GEMENOS, 13400 AUBAGNE",13400,43.298232,5.5917797,agences-bouches-du-rhone-13
SG SMC,"12 PROM DU JEUNE ANACHARSIS, 13400 AUBAGNE",13400,43.2943507,5.5676053,agences-bouches-du-rhone-13
SG SMC,"12 AV DE LA LIBERATION, 13130 BERRE L ETANG",13130,43.4760329,5.1678458,agences-bouches-du-rhone-13
SG SMC,"1596 AV DE LA CROIX D'OR, 13320 BOUC BEL AIR",13320,43.4597047,5.4052777,agences-bouches-du-rhone-13
SG SMC,"AV DE CASSIS, 13470 CARNOUX EN PROVENCE",13470,43.2507179,5.555244,agences-bouches-du-rhone-13
SG SMC,"12 AV DRAIO DE LA MAR, 13620 CARRY LE ROUET",13620,43.3285271,5.1476925,agences-bouches-du-rhone-13
SG SMC,"4 PL DE LA REPUBLIQUE, 13260 CASSIS",13260,43.2145806,5.5396544,agences-bouches-du-rhone-13
SG SMC,"2 PL DE LA REPUBLIQUE, 13160 CHATEAURENARD",13160,43.8825157,4.8539448,agences-bouches-du-rhone-13
SG SMC,"1 AV CAMILLE PELLETAN, 13270 FOS SUR MER",13270,43.4366908,4.9443292,agences-bouches-du-rhone-13
SG SMC,"15 CRS FORBIN, 13120 GARDANNE",13120,43.4545671,5.4706036,agences-bouches-du-rhone-13
SG SMC,"IMP DES TEMPLIERS, 13180 GIGNAC LA NERTHE",13180,43.3870158,5.2239652,agences-bouches-du-rhone-13
SG SMC,"CHE DU BORD DE CRAU, 13800 ISTRES",13800,43.5258239,4.962391,agences-bouches-du-rhone-13
SG SMC,"RPT DE LATTRE DE TASSIGNY, 13600 LA CIOTAT",13600,43.1896206,5.6035935,agences-bouches-du-rhone-13
SG SMC,"136 BD GUERIN, 13600 LA CIOTAT",13600,43.1743788,5.6054771,agences-bouches-du-rhone-13
SG SMC,"QUA SOUQUE NEGRE, 13112 LA DESTROUSSE",13112,43.3788275,5.5988743,agences-bouches-du-rhone-13
SG SMC,"39 TRA HERMES, 13580 LA FARE LES OLIVIERS",13580,43.5538749,5.2045548,agences-bouches-du-rhone-13
SG SMC,"3 RTE D'AIX-EN-PROVENCE, 13410 LAMBESC",13410,43.6522168,5.2637668,agences-bouches-du-rhone-13
SG SMC,"1-3 BD DES PLAINES, 13700 MARIGNANE",13700,43.4129241,5.2257282,agences-bouches-du-rhone-13
SG SMC,"159 BD BAILLE, 13005 MARSEILLE",13005,43.289792,5.3976602,agences-bouches-du-rhone-13
SG SMC,"71 AV DE HAMBOURG, 13008 MARSEILLE",13008,43.2511365,5.3881981,agences-bouches-du-rhone-13
SG SMC,"17 LA CANEBIERE, 13001 MARSEILLE",13001,43.2961423,5.3765462,agences-bouches-du-rhone-13
SG SMC,"22 BD CHARLES MORETTI, 13014 MARSEILLE",13014,43.3234794,5.3858805,agences-bouches-du-rhone-13
SG SMC,"264 AV DE LA CAPELETTE, 13010 MARSEILLE",13010,43.2787654,5.4124903,agences-bouches-du-rhone-13
SG SMC,"10 PL CASTELLANE, 13006 MARSEILLE",13006,43.2860796,5.3831567,agences-bouches-du-rhone-13
SG SMC,"129 BD F. DUPARC, 13004 MARSEILLE",13004,43.3085823,5.3999586,agences-bouches-du-rhone-13
SG SMC,"180 BD DE LA LIBERATION, 13004 MARSEILLE",13004,43.3015579,5.392895,agences-bouches-du-rhone-13
SG SMC,"60 AV DE LA CORSE, 13007 MARSEILLE",13007,43.2890333,5.3608641,agences-bouches-du-rhone-13
SG SMC,"6 PL ERNEST DELIBES, 13008 MARSEILLE",13008,43.2788516,5.3827481,agences-bouches-du-rhone-13
SG SMC,"118 RUE DE LA REPUBLIQUE, 13002 MARSEILLE",13002,43.3044924,5.367607,agences-bouches-du-rhone-13
SG SMC,"205 RTE DES TROIS LUCS, 13011 MARSEILLE",13011,43.3038741,5.4743782,agences-bouches-du-rhone-13
SG SMC,"109 RUE EMILE ZOLA, 13009 MARSEILLE",13009,43.2467935,5.4022116,agences-bouches-du-rhone-13
SG SMC,"501 RUE PARADIS, 13008 MARSEILLE",13008,43.2712836,5.386278,agences-bouches-du-rhone-13
SG SMC,"75 RUE PARADIS, 13006 MARSEILLE",13006,43.2909117,5.3779311,agences-bouches-du-rhone-13
SG SMC,"305 AV DU PRADO, 13008 MARSEILLE",13008,43.2718077,5.3906694,agences-bouches-du-rhone-13
SG SMC,"101 RUE MONTAIGNE, 13012 MARSEILLE",13012,43.3039103,5.4165982,agences-bouches-du-rhone-13
SG SMC,"147 AV 24 AVRIL 1915, 13012 MARSEILLE",13012,43.3086205,5.4282661,agences-bouches-du-rhone-13
SG SMC,"85 BD DE SAINT-LOUP, 13010 MARSEILLE",13010,43.2831642,5.4328916,agences-bouches-du-rhone-13
SG SMC,"111 CHE DE CH GOMBERT, 13013 MARSEILLE",13013,43.3359706,5.4291958,agences-bouches-du-rhone-13
SG SMC,"325 AV DE MAZARGUES, 13008 MARSEILLE",13008,43.2675787,5.3893081,agences-bouches-du-rhone-13
SG SMC,"9 PL SEBASTOPOL, 13004 MARSEILLE",13004,43.2995058,5.3977893,agences-bouches-du-rhone-13
SG SMC,"41 RUE D'ENDOUME, 13007 MARSEILLE",13007,43.2894738,5.3664806,agences-bouches-du-rhone-13
SG SMC,"36 BD STE MARGUERITE, 13009 MARSEILLE",13009,43.2661553,5.4044535,agences-bouches-du-rhone-13
SG SMC,"56 QU GENERAL LECLERC, 13500 MARTIGUES",13500,43.4030329,5.0573999,agences-bouches-du-rhone-13
SG SMC,"32 AV CH. DE GAULLE, 13140 MIRAMAS",13140,43.5843465,5.0175599,agences-bouches-du-rhone-13
SG SMC,"RTE DEPARTEMENTAL 572, 13330 PELISSANNE",13330,43.6254866,5.1823878,agences-bouches-du-rhone-13
SG SMC,"RTE DE TRETS RD6, 13790 PEYNIER",13790,43.4574399,5.6267037,agences-bouches-du-rhone-13
SG SMC,"CTRE CIAL BARNEOUD, 13170 LES PENNES MIRABEAU",13170,43.4006783,5.3043153,agences-bouches-du-rhone-13
SG SMC,"LE MAIL CHARLES DE GAULL, 13380 PLAN DE CUQUES",13380,43.3645473,5.4678932,agences-bouches-du-rhone-13
SG SMC,"32 AV DU PORT, 13230 PORT ST LOUIS DU RHONE",13230,43.3876927,4.8036552,agences-bouches-du-rhone-13
SG SMC,"14 BD VICTOR HUGO, 13210 ST REMY DE PROVENCE",13210,43.7874019,4.8312972,agences-bouches-du-rhone-13
SG SMC,"3 AV DE LA PLAGE, 13460 SAINTES MARIES DE LA MER",13460,43.4505701,4.4293825,agences-bouches-du-rhone-13
SG SMC,"14 BD DE LA REPUBLIQUE, 13300 SALON DE PROVENCE",13300,43.6406342,5.0949469,agences-bouches-du-rhone-13
SG SMC,"645 AV DU 22 AOUT 1944, 13300 SALON DE PROVENCE",13300,43.6363572,5.0810263,agences-bouches-du-rhone-13
SG SMC,"16 AVENUE DE LA REPUBLIQUE, 13310 ST MARTIN DE CRAU",13310,43.638208,4.8097158,agences-bouches-du-rhone-13
SG SMC,"21 CRS ARISTIDE BRIAND, 13150 TARASCON",13150,43.8040979,4.6558046,agences-bouches-du-rhone-13
SG SMC,"13 CRS ESQUIROS, 13530 TRETS",13530,43.4470112,5.6860879,agences-bouches-du-rhone-13
SG SMC,"AV DE LA GRANDE BEGUDE, 13770 VENELLES",13770,43.5875194,5.4758146,agences-bouches-du-rhone-13
SG SMC,"24 AV DE LA GRANDE BEGUDE, 13770 VENELLES",13770,43.5875194,5.4758146,agences-bouches-du-rhone-13
SG SMC,"RPT DE LA PIERRE PLANTEE, 13127 VITROLLES",13127,43.4466449,5.2485875,agences-bouches-du-rhone-13
SG GRAND OUEST,"12 BD DELEAN, 14370 ARGENCES",14370,49.1274034,-0.1650709,agences-calvados-14
SG GRAND OUEST,"26 RUE SAINT-MALO, 14400 BAYEUX",14400,49.2779513,-0.7051745,agences-calvados-14
SG GRAND OUEST,"24 AV DE LA MER, 14390 CABOURG",14390,49.2907953,-0.1161316,agences-calvados-14
SG GRAND OUEST,"42 RUE NICOLAS ORESME, 14000 CAEN",14000,49.1822149,-0.4005468,agences-calvados-14
SG GRAND OUEST,"7 BD MARECHAL JUIN, 14000 CAEN",14000,49.209805,-0.3678796,agences-calvados-14
SG GRAND OUEST,"1 PL DU 36e REGIMENT D'INFANTERIE, 14000 CAEN",14000,49.1779673,-0.3557056,agences-calvados-14
SG GRAND OUEST,"130 BD MAL LECLERC, 14000 CAEN",14000,49.180888,-0.362462,agences-calvados-14
SG GRAND OUEST,"34 RTE LA DELIVRANDE, 14000 CAEN",14000,49.2922085,-0.3894095,agences-calvados-14
SG GRAND OUEST,"52 AV HENRI CHERON, 14000 CAEN",14000,49.1847762,-0.3739271,agences-calvados-14
SG GRAND OUEST,"9 PL DE MORNY, 14800 DEAUVILLE",14800,49.353753,0.0767491,agences-calvados-14
SG GRAND OUEST,"5 RUE PAUL CANTA, 14160 DIVES SUR MER",14160,49.2858878,-0.0973112,agences-calvados-14
SG GRAND OUEST,"6 AVENUE DE LA BASILIQUE, 14440 DOUVRES LA DELIVRANDE",14440,49.2972645,-0.3726728,agences-calvados-14
SG GRAND OUEST,"16 PL DU DR P.GERMAN, 14700 FALAISE",14700,48.8854164,-0.1985371,agences-calvados-14
SG GRAND OUEST,"320 QUA DU VAL, 14200 HEROUVILLE ST CLAIR",14200,49.2041118,-0.3294516,agences-calvados-14
SG GRAND OUEST,"4 RUE DES LOGETTES, 14600 HONFLEUR",14600,49.42133,0.2329978,agences-calvados-14
SG GRAND OUEST,"9 PLACE CLAUDE DEBUSSY, 14123 IFS",14123,49.1401026,-0.3536822,agences-calvados-14
SG GRAND OUEST,"23 RUE PONT MORTAIN, 14100 LISIEUX",14100,49.1437127,0.2267381,agences-calvados-14
SG GRAND OUEST,"2 RUE VOLTAIRE, 14270 MEZIDON VALLEE D AUGE",14270,49.0719198,-0.073671,agences-calvados-14
SG GRAND OUEST,"Z.A DE L'ETOILE, 14120 MONDEVILLE",14120,49.170671,-0.3131835,agences-calvados-14
SG GRAND OUEST,"97 RUE GRANDE, 14290 ORBEC",14290,49.0218368,0.4067459,agences-calvados-14
SG GRAND OUEST,"4 RUE AUBER, 14150 OUISTREHAM",14150,49.2859256,-0.2626612,agences-calvados-14
SG GRAND OUEST,"13 PL JEAN BUREAU, 14130 PONT L EVEQUE",14130,49.286511,0.186237,agences-calvados-14
SG GRAND OUEST,"PL DU MARCHE, 14170 ST PIERRE EN AUGE",14170,49.0176848,-0.0312281,agences-calvados-14
SG GRAND OUEST,"6 RUE VICTOR HUGO, 14360 TROUVILLE SUR MER",14360,49.3667633,0.0807487,agences-calvados-14
SG GRAND OUEST,"37 PL JEANNE D ARC, 14640 VILLERS SUR MER",14640,49.3219955,-0.0055821,agences-calvados-14
SG GRAND OUEST,"17 RUE D'AIGNAUX, 14500 VIRE NORMANDIE",14500,48.8399184,-0.8919819,agences-calvados-14
SG AUVERGNE RHÔNE ALPES,"7 B PL DU SQUARE, 15000 AURILLAC",15000,44.9282737,2.4446105,agences-cantal-15
SG TARNEAUD,"8 AV G CLEMENCEAU, 16000 ANGOULEME",16000,45.645937,0.146532,agences-charente-16
SG TARNEAUD,"107 RUE DE SAINTES, 16000 ANGOULEME",16000,45.6586855,0.1442702,agences-charente-16
SG SUD OUEST,"22-24 BD CHANZY, 16300 BARBEZIEUX-SAINT-HILAIRE",16300,45.4720961,-0.1518733,agences-charente-16
SG SUD OUEST,"33 RUE D'ANGOULEME, 16100 COGNAC",16100,45.6943444,-0.3267428,agences-charente-16
SG SUD OUEST,"20 PL DU CHATEAU, 16200 JARNAC",16200,45.6786089,-0.1736154,agences-charente-16
SG TARNEAUD,"41 RUE DE QUIERS, 16400 LA COURONNE",16400,45.6080602,0.096917,agences-charente-16
SG TARNEAUD,"34 GRANDE RUE, 16110 ROCHEFOUCAULD EN ANGOUMOIS",16110,45.7409594,0.3862994,agences-charente-16
SG TARNEAUD,"4 AV JEAN JAURES, 16600 RUELLE SUR TOUVRE",16600,45.6778113,0.2231727,agences-charente-16
SG TARNEAUD,"14 RUE DR EMILE ROUX, 16700 RUFFEC",16700,46.0317779,0.2041805,agences-charente-16
SG SUD OUEST,"26 B AV CDT LISIACK, 17440 AYTRE",17440,46.1311315,-1.1147519,agences-charente-maritime-17
SG SUD OUEST,"109-111 BD DE LA REPUBLIQUE, 17340 CHATELAILLON PLAGE",17340,46.0768552,-1.0919335,agences-charente-maritime-17
SG SUD OUEST,"12 RUE DU PALAIS, 17000 LA ROCHELLE",17000,46.1595202,-1.1537208,agences-charente-maritime-17
SG SUD OUEST,"48 AV JEAN MONNET, 17000 LA ROCHELLE",17000,46.1457781,-1.1525509,agences-charente-maritime-17
SG SUD OUEST,"125 BD ANDRE SAUTEL, 17000 LA ROCHELLE",17000,46.1665781,-1.1368554,agences-charente-maritime-17
SG SUD OUEST,"AV DU FIEF ROSE, 17140 LAGORD",17140,46.1774721,-1.1674052,agences-charente-maritime-17
SG SUD OUEST,"PL GAL DE GAULLE, 17480 LE CHATEAU D OLERON",17480,45.8786511,-1.2183758,agences-charente-maritime-17
SG SUD OUEST,"7 RUE PASTEUR, 17800 PONS",17800,45.5798626,-0.5466844,agences-charente-maritime-17
SG SUD OUEST,"28 B RUE DE PUYRAVAULT, 17300 ROCHEFORT",17300,46.1456839,-0.8029765,agences-charente-maritime-17
SG SUD OUEST,"3 FRONT DE MER, 17200 ROYAN",17200,45.6241303,-1.0277621,agences-charente-maritime-17
SG SUD OUEST,"1 PL CHARLES DE GAULLE, 17200 ROYAN",17200,45.6240008,-1.0316415,agences-charente-maritime-17
SG SUD OUEST,"5 PL ANDRE LEMOYNE, 17400 ST JEAN D ANGELY",17400,45.9456066,-0.523238,agences-charente-maritime-17
SG SUD OUEST,"RTE DE LA FLOTTE, 17410 ST MARTIN DE RE",17410,46.1975903,-1.3677464,agences-charente-maritime-17
SG SUD OUEST,"44 CRS NATIONAL MICHEL BARON, 17100 SAINTES",17100,45.7472478,-0.6342144,agences-charente-maritime-17
SG SUD OUEST,"28 B PL GEN DE GAULLE, 17600 SAUJON",17600,45.6612227,-0.920639,agences-charente-maritime-17
SG SUD OUEST,"16 PL DE L'EUROPE, 17700 SURGERES",17700,46.1067285,-0.751789,agences-charente-maritime-17
SG TARNEAUD,"124 AV MARCEL HAEGELEN, 18000 BOURGES",18000,47.0664075,2.3712572,agences-cher-18
SG TARNEAUD,"24A RUE DU COMMERCE, 18000 BOURGES",18000,47.0856254,2.3940507,agences-cher-18
SG TARNEAUD,"163 RUE JEANNE D'ARC, 18500 MEHUN SUR YEVRE",18500,47.1448299,2.2177773,agences-cher-18
SG TARNEAUD,"7 RUE BENJAMIN CONSTANT, 18200 ST AMAND MONTROND",18200,46.7212664,2.504539,agences-cher-18
SG TARNEAUD,"4 PL HOTEL DE VILLE, 18230 ST DOULCHARD",18230,47.1000188,2.3727491,agences-cher-18
SG TARNEAUD,"21 AV G. DORDAIN, 18400 ST FLORENT SUR CHER",18400,46.9921896,2.2552381,agences-cher-18
SG TARNEAUD,"14 RUE REPUBLIQUE, 18100 VIERZON",18100,47.2021091,2.1710302,agences-cher-18
SG TARNEAUD,"5 ALL DES MARRONNIERS, 19230 ARNAC POMPADOUR",19230,45.396528,1.380805,agences-correze-19
SG TARNEAUD,"1 AV JEAN JAURES, 19100 BRIVE LA GAILLARDE",19100,45.169857,1.5621101,agences-correze-19
SG TARNEAUD,"AV CYPRIEN FAURIE, 19100 BRIVE LA GAILLARDE",19100,45.1469405,1.4829142,agences-correze-19
SG TARNEAUD,"15 AV PIERRE ET MARIE CURIE, 19360 MALEMORT",19360,45.168735,1.5592205,agences-correze-19
SG TARNEAUD,"1 PL DU 11 NOVEMBRE, 19130 OBJAT",19130,45.2628632,1.409488,agences-correze-19
SG TARNEAUD,"34 RUE JEAN JAURES, 19000 TULLE",19000,45.26418,1.766943,agences-correze-19
SG TARNEAUD,"3 AV MARMONTEL, 19200 USSEL",19200,45.5462264,2.3103302,agences-correze-19
SG TARNEAUD,"24 AV DU GENERAL DE GAULLE, 19140 UZERCHE",19140,45.4268768,1.5657179,agences-correze-19
SG GRAND EST,"3 RUE COLONEL REDOUTEY, 21130 AUXONNE",21130,47.1923472,5.3898686,agences-cote-dor-21
SG GRAND EST,"3 5 PL MONGE, 21200 BEAUNE",21200,47.0243934,4.8382481,agences-cote-dor-21
SG GRAND EST,"8 RUE BUFFON, 21800 CHEVIGNY ST SAUVEUR",21800,47.3020429,5.1208491,agences-cote-dor-21
SG GRAND EST,"127 AV DE LANGRES, 21000 DIJON",21000,47.3501506,5.0452714,agences-cote-dor-21
SG GRAND EST,"152 AV JEAN-JAURES, 21000 DIJON",21000,47.303049,5.0219565,agences-cote-dor-21
SG GRAND EST,"9 BD CLEMENCEAU, 21000 DIJON",21000,47.3275257,5.0476468,agences-cote-dor-21
SG GRAND EST,"50 BD JEANNE D'ARC, 21000 DIJON",21000,47.317338,5.0652885,agences-cote-dor-21
SG GRAND EST,"1 RUE DE LA LIBERTE, 21000 DIJON",21000,47.3232165,5.035153,agences-cote-dor-21
SG GRAND EST,"22 AV VICTOR HUGO, 21000 DIJON",21000,47.3273018,5.0285177,agences-cote-dor-21
SG GRAND EST,"9 GRANDE RUE, 21700 NUITS ST GEORGES",21700,47.1356819,4.9479378,agences-cote-dor-21
SG GRAND OUEST,"13 RUE LA FERRONNERIE, 22100 DINAN",22100,48.4404169,-2.0749574,agences-cotes-darmor-22
SG GRAND OUEST,"8 RUE CLEMENCEAU, 22430 ERQUY",22430,48.6290482,-2.4661136,agences-cotes-darmor-22
SG GRAND OUEST,"32 PL DU CENTRE, 22200 GUINGAMP",22200,48.5625573,-3.1518235,agences-cotes-darmor-22
SG GRAND OUEST,"30 RUE CHARLES CARTEL, 22400 LAMBALLE ARMOR",22400,48.4683983,-2.5157765,agences-cotes-darmor-22
SG GRAND OUEST,"CTRE CIAL CARREFOUR, 22360 LANGUEUX",22360,48.5023434,-2.7135788,agences-cotes-darmor-22
SG GRAND OUEST,"4 QU D'AIGUILLON, 22300 LANNION",22300,48.7323941,-3.462054,agences-cotes-darmor-22
SG GRAND OUEST,"16 AV DES COMBATTANTS, 22600 LOUDEAC",22600,48.1773886,-2.7539304,agences-cotes-darmor-22
SG GRAND OUEST,"6 PL LA REPUBLIQUE, 22500 PAIMPOL",22500,48.7789874,-3.0449326,agences-cotes-darmor-22
SG GRAND OUEST,"4 RUE DE LA POSTE, 22700 PERROS GUIREC",22700,48.815545,-3.443949,agences-cotes-darmor-22
SG GRAND OUEST,"56 RUE SAINT-GUILLAUME, 22000 ST BRIEUC",22000,48.5122633,-2.7592471,agences-cotes-darmor-22
SG GRAND OUEST,"16 QU DE LA REPUBLIQUE, 22410 ST QUAY PORTRIEUX",22410,48.6482618,-2.8260619,agences-cotes-darmor-22
SG TARNEAUD,"31 PL BONNYAUD, 23000 GUERET",23000,46.168933,1.870603,agences-creuse-23
SG TARNEAUD,"20/22 PLACE DR E.PARRAIN, 23300 LA SOUTERRAINE",23300,46.2468201,1.5194978,agences-creuse-23
SG TARNEAUD,"51 BD JOFFRE, 79300 BRESSUIRE",79300,46.8381582,-0.492694,agences-deux-sevres-79
SG TARNEAUD,"11 AV DE LA REPUBLIQUE, 79000 NIORT",79000,46.3231389,-0.4598448,agences-deux-sevres-79
SG TARNEAUD,"37 RUE JEAN COUZINET, 79000 NIORT",79000,46.3347106,-0.4141462,agences-deux-sevres-79
SG TARNEAUD,"43 AV DU GAL DE GAULLE, 79200 PARTHENAY",79200,46.6803956,-0.1914937,agences-deux-sevres-79
SG TARNEAUD,"1 RUE GOGUET, 79400 ST MAIXENT L ECOLE",79400,46.4130471,-0.2040576,agences-deux-sevres-79
SG TARNEAUD,"1 AV VICTOR LECLERC, 79100 THOUARS",79100,46.9796548,-0.215474,agences-deux-sevres-79
SG TARNEAUD,"64 RUE NEUVE D ARGENSON, 24100 BERGERAC",24100,44.8527983,0.4870045,agences-dordogne-24
SG TARNEAUD,"8 RTE DE BEAULIEU, 24430 MARSAC SUR L ISLE",24430,45.184331,0.661529,agences-dordogne-24
SG TARNEAUD,"9 AV DU GENERAL LECLERC, 24300 NONTRON",24300,45.5249509,0.6597449,agences-dordogne-24
SG TARNEAUD,"17 RUE DU PDT WILSON, 24000 PERIGUEUX",24000,45.1937962,0.7146051,agences-dordogne-24
SG TARNEAUD,"11 RUE DES ALLIES, 24360 PIEGUT PLUVIERS",24360,45.6247309,0.6868878,agences-dordogne-24
SG TARNEAUD,"15 PL NATIONALE, 24600 RIBERAC",24600,45.2470745,0.3400348,agences-dordogne-24
SG TARNEAUD,"39 RUE REPUBLIQUE, 24200 SARLAT LA CANEDA",24200,44.888776,1.216141,agences-dordogne-24
SG TARNEAUD,"10 RUE DU GOU GENERAL COURNARIE, 24120 TERRASSON LAVILLEDIEU",24120,45.1329868,1.2920588,agences-dordogne-24
SG TARNEAUD,"36 RUE LAMY, 24800 THIVIERS",24800,45.4159972,0.9215024,agences-dordogne-24
SG TARNEAUD,"235 AV MICHEL GRANDOU, 24750 TRELISSAC",24750,45.18868,0.761119,agences-dordogne-24
SG GRAND EST,"CHE DU PRABEY, 25000 BESANCON",25000,47.2604351,6.018619,agences-doubs-25
SG GRAND EST,"8 RUE DES CHAPRAIS, 25000 BESANCON",25000,47.2458699,6.0283299,agences-doubs-25
SG GRAND EST,"68 GRANDE RUE, 25000 BESANCON",25000,47.2370365,6.0250202,agences-doubs-25
SG GRAND EST,"17 F RUE ALAIN SAVARY, 25000 BESANCON",25000,47.2515937,5.9986914,agences-doubs-25
SG GRAND EST,"3 RUE JEAN BAPTISTE PERTOIS, 25200 MONTBELIARD",25200,47.5020892,6.8155354,agences-doubs-25
SG GRAND EST,"6 GRANDE RUE, 25500 MORTEAU",25500,47.0559642,6.6060636,agences-doubs-25
SG GRAND EST,"6 RUE EUGENE THEVENIN, 25300 PONTARLIER",25300,46.9004022,6.3371113,agences-doubs-25
SG AUVERGNE RHÔNE ALPES,"8 ALL DE PROVENCE, 26300 BOURG DE PEAGE",26300,45.035498,5.053041,agences-drome-26
SG AUVERGNE RHÔNE ALPES,"4 AVENUE JEAN MOULIN, 26500 BOURG LES VALENCE",26500,44.9482412,4.8979838,agences-drome-26
SG AUVERGNE RHÔNE ALPES,"11 RUE DE L HOPITAL, 26120 CHABEUIL",26120,44.8999963,5.018559,agences-drome-26
SG AUVERGNE RHÔNE ALPES,"7 CRS DE JOUBERNON, 26400 CREST",26400,44.728553,5.0257125,agences-drome-26
SG AUVERGNE RHÔNE ALPES,"7-9 RUE DES REYMONDS, 26220 DIEULEFIT",26220,44.5175259,5.0804422,agences-drome-26
SG AUVERGNE RHÔNE ALPES,"19 AV LEON AUBIN, 26250 LIVRON SUR DROME",26250,44.7729401,4.843996,agences-drome-26
SG AUVERGNE RHÔNE ALPES,"23 RUE RAYMOND DAUJAT, 26200 MONTELIMAR",26200,44.5580217,4.7485778,agences-drome-26
SG AUVERGNE RHÔNE ALPES,"1 RUE DU MARECHAL LECLERC, 26200 MONTELIMAR",26200,44.5418347,4.7479845,agences-drome-26
SG AUVERGNE RHÔNE ALPES,"10 PL DE LA LIBERATION, 26110 NYONS",26110,44.3473572,4.7657537,agences-drome-26
SG AUVERGNE RHÔNE ALPES,"9 PL XAVIER TAILLADE, 26700 PIERRELATTE",26700,44.3768732,4.6959123,agences-drome-26
SG AUVERGNE RHÔNE ALPES,"1 PL JACQUEMART, 26100 ROMANS SUR ISERE",26100,45.0440958,5.0474696,agences-drome-26
SG AUVERGNE RHÔNE ALPES,"13 PL DU CHAMPS DE MARS, 26190 ST JEAN EN ROYANS",26190,45.0192446,5.2923835,agences-drome-26
SG AUVERGNE RHÔNE ALPES,"6 PL DE LA LIBERATION, 26130 ST PAUL TROIS CHATEAUX",26130,44.3472948,4.7655011,agences-drome-26
SG AUVERGNE RHÔNE ALPES,"38 BD GAL DE GAULLE, 26000 VALENCE",26000,44.9234681,4.9072381,agences-drome-26
SG AUVERGNE RHÔNE ALPES,"195 AV VICTOR HUGO, 26000 VALENCE",26000,44.9216965,4.8864495,agences-drome-26
SG SOCIETE GENERALE,"23 RUE NATIONALE, 91670 ANGERVILLE",91670,48.3121704,1.9991868,agences-essonne-91
SG SOCIETE GENERALE,"5 PL DU MARCHE, 91290 ARPAJON",91290,48.5884997,2.2493971,agences-essonne-91
SG SOCIETE GENERALE,"12 AV JACQUES CHIRAC, 91200 ATHIS MONS",91200,48.7059612,2.3702045,agences-essonne-91
SG SOCIETE GENERALE,"1 B R DE CHEVANNES, 91610 BALLANCOURT SUR ESSONNE",91610,48.5246964,2.3871059,agences-essonne-91
SG SOCIETE GENERALE,"PL FRANCIS COMBE, 91070 BONDOUFLE",91070,48.6132329,2.3765611,agences-essonne-91
SG SOCIETE GENERALE,"14 BD DE LA REPUBLIQUE, 91220 BRETIGNY SUR ORGE",91220,48.6078739,2.3063416,agences-essonne-91
SG SOCIETE GENERALE,"4 RTE DE DOURDAN, 91650 BREUILLET",91650,48.5659595,2.1698728,agences-essonne-91
SG SOCIETE GENERALE,"2 PL SAINT-MEDARD, 91800 BRUNOY",91800,48.6980181,2.5027264,agences-essonne-91
SG SOCIETE GENERALE,"23 AV PIERRE BROSSOLETTE, 91380 CHILLY MAZARIN",91380,48.6992036,2.303929,agences-essonne-91
SG SOCIETE GENERALE,"3 RUE FERAY, 91100 CORBEIL ESSONNES",91100,48.6118534,2.4810129,agences-essonne-91
SG SOCIETE GENERALE,"31 RUE DE CHARTRES, 91410 DOURDAN",91410,48.5313501,2.0099744,agences-essonne-91
SG SOCIETE GENERALE,"107 AV HENRI BARBUSSE, 91210 DRAVEIL",91210,48.6777254,2.4238978,agences-essonne-91
SG SOCIETE GENERALE,"2 RUE DU CHATEAU, 91150 ETAMPES",91150,48.436295,2.1608,agences-essonne-91
SG SOCIETE GENERALE,"36 GRANDE RUE, 91580 ETRECHY",91580,48.493109,2.1914787,agences-essonne-91
SG SOCIETE GENERALE,"25 CRS BLAISE PASCAL, 91000 EVRY COURCOURONNES",91000,48.6261129,2.4302879,agences-essonne-91
SG SOCIETE GENERALE,"1 RUE MONTESPAN, 91000 EVRY COURCOURONNES",91000,48.6354749,2.4387737,agences-essonne-91
SG SOCIETE GENERALE,"1 PL DU MARCHE NEUF, 91190 GIF SUR YVETTE",91190,48.6881593,2.1157435,agences-essonne-91
SG SOCIETE GENERALE,"4 MAIL PIERRE POTIER, 91190 GIF SUR YVETTE",91190,48.7110932,2.1626037,agences-essonne-91
SG SOCIETE GENERALE,"1 PL DE L'EGLISE, 91190 GIF SUR YVETTE",91190,48.7022091,2.1352322,agences-essonne-91
SG SOCIETE GENERALE,"6 PL DE STALINGRAD, 91430 IGNY",91430,48.7328329,2.2209794,agences-essonne-91
SG SOCIETE GENERALE,"25 GRANDE RUE, 91260 JUVISY SUR ORGE",91260,48.689603,2.3756611,agences-essonne-91
SG SOCIETE GENERALE,"6 PL DE LA LIBERATION, 91590 LA FERTE ALAIS",91590,48.4824089,2.3476234,agences-essonne-91
SG SOCIETE GENERALE,"8 RUE DU MAL FOCH, 91510 LARDY",91510,48.5107746,2.2504618,agences-essonne-91
SG SOCIETE GENERALE,"AV DE BERRY, 91940 LES ULIS",91940,48.675376,2.1662042,agences-essonne-91
SG SOCIETE GENERALE,"3 RUE MAURICE BENE, 91470 LIMOURS",91470,48.6442322,2.0784814,agences-essonne-91
SG SOCIETE GENERALE,"2 PL DE BRETTEN, 91160 LONGJUMEAU",91160,48.6972359,2.2927722,agences-essonne-91
SG SOCIETE GENERALE,"10 ALL JOSEPHINE BAKER, 91300 MASSY",91300,48.7330294,2.2888255,agences-essonne-91
SG SOCIETE GENERALE,"32 AVENUE RAYMOND ARON, 91300 MASSY",91300,48.7242402,2.2549718,agences-essonne-91
SG SOCIETE GENERALE,"1 RUE LA CROIX BOISSEE, 91540 MENNECY",91540,48.561406,2.4212741,agences-essonne-91
SG SOCIETE GENERALE,"45 PL DU MARCHE, 91490 MILLY LA FORET",91490,48.4019019,2.470567,agences-essonne-91
SG SOCIETE GENERALE,"95 AV DE LA REPUBLIQUE, 91230 MONTGERON",91230,48.7047065,2.4606971,agences-essonne-91
SG SOCIETE GENERALE,"3 PL DU MARCHE, 91310 MONTLHERY",91310,48.6385941,2.2707925,agences-essonne-91
SG SOCIETE GENERALE,"57 RTE DE CORBEIL, 91390 MORSANG SUR ORGE",91390,48.6575753,2.3394661,agences-essonne-91
SG SOCIETE GENERALE,"4 T RUE DE PARIS, 91400 ORSAY",91400,48.6962535,2.1916598,agences-essonne-91
SG SOCIETE GENERALE,"138 RUE DE PARIS, 91120 PALAISEAU",91120,48.715127,2.2460086,agences-essonne-91
SG SOCIETE GENERALE,"6 RUE DE GRIGNY, 91130 RIS ORANGIS",91130,48.6451959,2.4131769,agences-essonne-91
SG SOCIETE GENERALE,"125 BD ARISTIDE BRIAND, 91600 SAVIGNY SUR ORGE",91600,48.6865596,2.3517742,agences-essonne-91
SG SOCIETE GENERALE,"8 RUE DES FCS BOURGEOIS, 91450 SOISY SUR SEINE",91450,48.6528451,2.4692383,agences-essonne-91
SG SOCIETE GENERALE,"75 AV GABRIEL PERI, 91700 STE GENEVIEVE DES BOIS",91700,48.6493026,2.3199678,agences-essonne-91
SG SOCIETE GENERALE,"RUE DU CLOS GUINAUT, 91280 ST PIERRE DU PERRAY",91280,48.6150135,2.5049598,agences-essonne-91
SG SOCIETE GENERALE,"7 RUE DE PARON, 91370 VERRIERES LE BUISSON",91370,48.7471206,2.2660307,agences-essonne-91
SG SOCIETE GENERALE,"55 B AV H. CHARRON, 91270 VIGNEUX SUR SEINE",91270,48.7022884,2.4206215,agences-essonne-91
SG SOCIETE GENERALE,"RTE DE VILLOISON, 91100 VILLABE",91100,48.5841295,2.4438751,agences-essonne-91
SG SOCIETE GENERALE,"13 RUE ALEXANDRE DUMAS, 91170 VIRY CHATILLON",91170,48.6707247,2.3760385,agences-essonne-91
SG SOCIETE GENERALE,"C.C. JARDINS DE CONCY, 91330 YERRES",91330,48.7128246,2.4955774,agences-essonne-91
SG GRAND OUEST,"3 RUE DE L'ABBATIALE, 27300 BERNAY",27300,49.089675,0.5985185,agences-eure-27
SG GRAND OUEST,"239 GRANDE RUE, 27310 BOURG ACHARD",27310,49.354677,0.815659,agences-eure-27
SG GRAND OUEST,"PL FREMONT DES ESSARTS, 27800 BRIONNE",27800,49.1943723,0.7199961,agences-eure-27
SG GRAND OUEST,"24 RUE CHARTRAINE, 27000 EVREUX",27000,49.024951,1.1484306,agences-eure-27
SG GRAND OUEST,"1 AV DU GAL LECLERC, 27600 GAILLON",27600,49.1537201,1.3093275,agences-eure-27
SG CREDIT DU NORD,"10-12 RUE DU GAL DE GAULLE, 27140 GISORS",27140,49.321138,1.7281728,agences-eure-27
SG GRAND OUEST,"70 AV ARISTIDE BRIAND, 27930 GRAVIGNY",27930,49.047244,1.1628441,agences-eure-27
SG GRAND OUEST,"94 RUE HENRI IV, 27540 IVRY LA BATAILLE",27540,48.8832515,1.4656051,agences-eure-27
SG GRAND OUEST,"19 RUE DUPONT DE L'EURE, 27110 LE NEUBOURG",27110,49.149234,0.9039295,agences-eure-27
SG GRAND OUEST,"11 PL DU GAL DE GAULLE, 27100 LE VAUDREUIL",27100,49.2574573,1.2049278,agences-eure-27
SG GRAND OUEST,"29 PL NICOLAS POUSSIN, 27700 LES ANDELYS",27700,49.2465946,1.4182285,agences-eure-27
SG GRAND OUEST,"37 RUE DU MARECHAL FOCH, 27400 LOUVIERS",27400,49.2123747,1.1699134,agences-eure-27
SG GRAND OUEST,"10 RUE DE L'HOTEL DIEU, 27320 NONANCOURT",27320,48.7700207,1.1975325,agences-eure-27
SG GRAND OUEST,"95 RUE ISAMBARD, 27120 PACY SUR EURE",27120,49.0145346,1.3817651,agences-eure-27
SG GRAND OUEST,"12 RUE ALFRED CANEL, 27500 PONT AUDEMER",27500,49.3535435,0.5146941,agences-eure-27
SG GRAND OUEST,"4 RUE BLIN, 27340 PONT DE L ARCHE",27340,49.3046123,1.1549277,agences-eure-27
SG GRAND OUEST,"74 RUE CHANOINE BOULOGNE, 27220 ST ANDRE DE L EURE",27220,48.903447,1.2858057,agences-eure-27
SG GRAND OUEST,"2 TER RUE DE L'EQUERRE, 27180 ST SEBASTIEN DE MORSENT",27180,49.0073723,1.0862236,agences-eure-27
SG GRAND OUEST,"51 PL DE LA MADELEINE, 27130 VERNEUIL D AVRE ET D ITON",27130,48.7392481,0.9291053,agences-eure-27
SG GRAND OUEST,"PL D'EVREUX, 27200 VERNON",27200,49.0920943,1.4822047,agences-eure-27
SG GRAND OUEST,"13 PL DU MARCHE, 28700 AUNEAU BLEURY SAINT SYMPHORIEN",28700,48.4620033,1.7735985,agences-eure-et-loir-28
SG GRAND OUEST,"38 RUE DES CHANGES, 28160 BROU",28160,48.2101142,1.1663058,agences-eure-et-loir-28
SG GRAND OUEST,"15 RUE SAINTE-MEME, 28000 CHARTRES",28000,48.4463419,1.4858431,agences-eure-et-loir-28
SG GRAND OUEST,"21 AV DES SABLONS, 28000 CHARTRES",28000,48.4465565,1.5154247,agences-eure-et-loir-28
SG GRAND OUEST,"10 PL DU 18 OCTOBRE, 28200 CHATEAUDUN",28200,48.0697449,1.3282074,agences-eure-et-loir-28
SG GRAND OUEST,"12 RUE M.VIOLLETTE, 28100 DREUX",28100,48.7479742,1.3597333,agences-eure-et-loir-28
SG SOCIETE GENERALE,"18 RUE DU GRAND PONT, 28230 EPERNON",28230,48.6079148,1.6805329,agences-eure-et-loir-28
SG GRAND OUEST,"61 BIS RUE DE LA REPUBLIQUE, 28110 LUCE",28110,48.4381896,1.4536183,agences-eure-et-loir-28
SG GRAND OUEST,"7 RUE DU GAL DE GAULLE, 28210 NOGENT LE ROI",28210,48.6468409,1.5332874,agences-eure-et-loir-28
SG GRAND OUEST,"44 PL DU GAL DE ST-POL, 28400 NOGENT LE ROTROU",28400,48.3177475,0.8679516,agences-eure-et-loir-28
SG GRAND OUEST,"72 RUE DE SIAM, 29200 BREST",29200,48.3887556,-4.4884669,agences-finistere-29
SG GRAND OUEST,"11 PL DES F.F.I, 29200 BREST",29200,48.4163411,-4.4922676,agences-finistere-29
SG GRAND OUEST,"146 R JEAN JAURES, 29200 BREST",29200,48.3966384,-4.4763208,agences-finistere-29
SG GRAND OUEST,"30 QU CARNOT, 29150 CHATEAULIN",29150,48.1960957,-4.094829,agences-finistere-29
SG GRAND OUEST,"10 RUE GENERAL MORVAN, 29900 CONCARNEAU",29900,47.8733655,-3.9191487,agences-finistere-29
SG GRAND OUEST,"2 RUE JEAN BART, 29100 DOUARNENEZ",29100,48.0932515,-4.3290527,agences-finistere-29
SG GRAND OUEST,"19 RUE DE CORNOUAILLE, 29170 FOUESNANT",29170,47.8936013,-4.0114905,agences-finistere-29
SG GRAND OUEST,"9 RUE DE PARIS, 29490 GUIPAVAS",29490,48.4347386,-4.4011159,agences-finistere-29
SG GRAND OUEST,"20 RUE DE BREST, 29800 LANDERNEAU",29800,48.4504825,-4.253282,agences-finistere-29
SG GRAND OUEST,"14 PL DES OTAGES, 29600 MORLAIX",29600,48.578639,-3.828779,agences-finistere-29
SG GRAND OUEST,"15 PL GAMBETTA, 29120 PONT L ABBE",29120,47.8643144,-4.2219054,agences-finistere-29
SG GRAND OUEST,"2 RUE DU PARC, 29000 QUIMPER",29000,47.994989,-4.1028284,agences-finistere-29
SG GRAND OUEST,"97 RTE DE BENODET, 29000 QUIMPER",29000,47.981823,-4.1026512,agences-finistere-29
SG GRAND OUEST,"2 PL CARNOT, 29300 QUIMPERLE",29300,47.8723726,-3.5466336,agences-finistere-29
SG GRAND OUEST,"31 RUE GENERAL LECLERC, 29250 ST POL DE LEON",29250,48.6832036,-3.9867404,agences-finistere-29
SG COURTOIS,"7 B BD GAMBETTA, 30220 AIGUES MORTES",30220,43.5656346,4.1922923,agences-gard-30
SG COURTOIS,"24 RUE D'AVEJAN, 30100 ALES",30100,44.1229375,4.0795385,agences-gard-30
SG COURTOIS,"CHE DES DUPINES BASSES PRAIRIES, 30100 ALES",30100,44.1249969,4.0879192,agences-gard-30
SG SMC,"17 BD LACOMBE, 30200 BAGNOLS SUR CEZE",30200,44.1626977,4.6223593,agences-gard-30
SG SMC,"ZAC DES MILLIAIRES, 30300 BEAUCAIRE",30300,43.7882494,4.5901712,agences-gard-30
SG COURTOIS,"7 PL DE LA REPUBLIQUE, 30240 LE GRAU DU ROI",30240,43.5360049,4.1372113,agences-gard-30
SG COURTOIS,"5 PL D'ASSAS, 30120 LE VIGAN",30120,43.9920935,3.6068425,agences-gard-30
SG SMC,"49 BD DIDEROT, 30133 LES ANGLES",30133,43.958052,4.75892,agences-gard-30
SG COURTOIS,"7 BD AMIRAL COURBET, 30000 NIMES",30000,43.8368645,4.3624952,agences-gard-30
SG COURTOIS,"442 AV JEAN PROUVE, 30900 NIMES",30900,43.8140402,4.3523546,agences-gard-30
SG COURTOIS,"21 BD VICTOR HUGO, 30000 NIMES",30000,43.8375716,4.3555016,agences-gard-30
SG COURTOIS,"1590 BD DU PDT SALVADOR ALLENDE, 30000 NIMES",30000,43.8368142,4.361358,agences-gard-30
SG COURTOIS,"16 RUE REGALE, 30000 NIMES",30000,43.8357065,4.3611949,agences-gard-30
SG SMC,"AV GASTON DOUMERGUE, 30130 PONT ST ESPRIT",30130,44.2546778,4.6475225,agences-gard-30
SG COURTOIS,"13 RUE GAMBETTA, 30800 ST GILLES",30800,43.6752955,4.4312686,agences-gard-30
SG COURTOIS,"3 BD DES ALLIES, 30700 UZES",30700,44.0114115,4.417887,agences-gard-30
SG COURTOIS,"2 ALL JEANNE DAGUZAN, 32000 AUCH",32000,43.6613937,0.5985054,agences-gers-32
SG SUD OUEST,"1 RUE GAICHIES, 32100 CONDOM",32100,43.9578909,0.3715629,agences-gers-32
SG SUD OUEST,"BD CHARLES DE GAULLE, 32800 EAUZE",32800,43.8594335,0.0997755,agences-gers-32
SG COURTOIS,"52 BD CARNOT, 32600 L ISLE JOURDAIN",32600,43.6115094,1.081528,agences-gers-32
SG SUD OUEST,"10 AV DE BORDEAUX, 33510 ANDERNOS LES BAINS",33510,44.7429398,-1.0969705,agences-gironde-33
SG SUD OUEST,"4 AV GAMBETTA, 33120 ARCACHON",33120,44.6621452,-1.1684328,agences-gironde-33
SG SUD OUEST,"15 AV DE LA PLAGE, 33740 ARES",33740,44.7654262,-1.1405296,agences-gironde-33
SG SUD OUEST,"2 AV SAINT EXUPERY, 33530 BASSENS",33530,44.9019185,-0.5142698,agences-gironde-33
SG SUD OUEST,"3 RUE CALIXTE CAMELLE, 33130 BEGLES",33130,44.8079691,-0.5461577,agences-gironde-33
SG SUD OUEST,"122 AV DE LA COTE D'ARGENT, 33380 BIGANOS",33380,44.638228,-0.967019,agences-gironde-33
SG SUD OUEST,"9 RUE GAMBETTA, 33290 BLANQUEFORT",33290,44.9101308,-0.6356956,agences-gironde-33
SG SUD OUEST,"7 CRS MAL DE LATTRE DE TASSIGNY, 33390 BLAYE",33390,45.1644323,-0.6205711,agences-gironde-33
SG SUD OUEST,"22 PL STALINGRAD, 33100 BORDEAUX",33100,44.8408279,-0.5598905,agences-gironde-33
SG SUD OUEST,"157 AV LOUIS BARTHOU, 33200 BORDEAUX",33200,44.8524074,-0.6151919,agences-gironde-33
SG SUD OUEST,"1 CRS BALGUERIE STUTTENBERG, 33300 BORDEAUX",33300,44.8554675,-0.5710721,agences-gironde-33
SG SUD OUEST,"246 CRS DE LA MARNE, 33800 BORDEAUX",33800,44.8273409,-0.556837,agences-gironde-33
SG SUD OUEST,"28 CRS DE L'INTENDANCE, 33000 BORDEAUX",33000,44.8416634,-0.5770076,agences-gironde-33
SG SUD OUEST,"31 RUE EDMOND MICHELET, 33000 BORDEAUX",33000,44.8401633,-0.5821013,agences-gironde-33
SG SUD OUEST,"113 RUE DU GRAND MAURIAN, 33000 BORDEAUX",33000,44.8322336,-0.6096918,agences-gironde-33
SG SUD OUEST,"116 CRS A.BRIAND, 33000 BORDEAUX",33000,44.8391049,-0.5814266,agences-gironde-33
SG SUD OUEST,"4 ALL DES BORGES, 33520 BRUGES",33520,44.8821059,-0.6130968,agences-gironde-33
SG SUD OUEST,"5 RTE DE BRANNE, 33410 CADILLAC SUR GARONNE",33410,44.6362004,-0.3183968,agences-gironde-33
SG SUD OUEST,"19 AV ROGER SCHWOB, 33150 CENON",33150,44.85559,-0.519075,agences-gironde-33
SG SUD OUEST,"3 PL DU SOUVENIR, 33610 CESTAS",33610,44.7417402,-0.6851368,agences-gironde-33
SG SUD OUEST,"7 PL ERNEST BARRAUD, 33230 COUTRAS",33230,45.0398676,-0.1295375,agences-gironde-33
SG SUD OUEST,"15 AV ENTRE DEUX MERS, 33670 CREON",33670,44.7721021,-0.3404388,agences-gironde-33
SG SUD OUEST,"144 CRS GAL DE GAULLE, 33170 GRADIGNAN",33170,44.7680587,-0.6168636,agences-gironde-33
SG SUD OUEST,"124 CRS REPUBLIQUE, 33470 GUJAN MESTRAS",33470,44.639446,-1.05899,agences-gironde-33
SG SUD OUEST,"2 AV CHARLES DE GAULLE, 33650 LA BREDE",33650,44.6820656,-0.5271776,agences-gironde-33
SG SUD OUEST,"3 PL DE LA LIBERATION, 33190 LA REOLE",33190,44.5820756,-0.0366806,agences-gironde-33
SG SUD OUEST,"3 RUE DU QUATORZE JUILLET, 33260 TESTE-DE-BUCH",33260,44.632395,-1.148541,agences-gironde-33
SG SUD OUEST,"21 AV DE LA COTE D'ARGENT, 33680 LACANAU",33680,44.9812637,-1.08014,agences-gironde-33
SG SUD OUEST,"43 AV DU GENERAL DE GAULLE, 33550 LANGOIRAN",33550,44.7063393,-0.4006949,agences-gironde-33
SG SUD OUEST,"18 ALL JEAN JAURES, 33210 LANGON",33210,44.5532946,-0.2448132,agences-gironde-33
SG SUD OUEST,"42 AV DE LA LIBERATION, 33110 LE BOUSCAT",33110,44.8549341,-0.5952674,agences-gironde-33
SG SUD OUEST,"75 RUE GAMBETTA, 33500 LIBOURNE",33500,44.9154529,-0.2429114,agences-gironde-33
SG SUD OUEST,"9 AV DE LA REPUBLIQUE, 33127 MARTIGNAS SUR JALLE",33127,44.8397055,-0.7749432,agences-gironde-33
SG SUD OUEST,"10 PL CH.DE GAULLE, 33700 MERIGNAC",33700,44.8313054,-0.6794484,agences-gironde-33
SG SUD OUEST,"29 RUE JEAN JAURES, 33250 PAUILLAC",33250,45.2001496,-0.7502836,agences-gironde-33
SG SUD OUEST,"PL DU MONTEIL, 33600 PESSAC",33600,44.8022125,-0.6482089,agences-gironde-33
SG SUD OUEST,"43 AV DU GEN LECLERC, 33600 PESSAC",33600,44.7856935,-0.6827106,agences-gironde-33
SG SUD OUEST,"PL L'HOTEL DE VILLE, 33450 ST LOUBES",33450,44.9165402,-0.4271249,agences-gironde-33
SG SUD OUEST,"PL DE LA REPUBLIQUE, 33160 ST MEDARD EN JALLES",33160,44.8948429,-0.7144999,agences-gironde-33
SG SUD OUEST,"1 RUE DE LA REPUBLIQUE, 33220 STE FOY LA GRANDE",33220,44.8418346,0.2166914,agences-gironde-33
SG SUD OUEST,"17 RUE DE LA HAUTE LANDE, 33770 SALLES",33770,44.5476538,-0.8729263,agences-gironde-33
SG SUD OUEST,"28 ALL DU CHAMP DE FOIRE, 33240 ST ANDRE DE CUBZAC",33240,44.9955203,-0.4439373,agences-gironde-33
SG SUD OUEST,"1bis AV DE L'EUROPE, 33350 ST MAGNE DE CASTILLON",33350,44.8545422,-0.0619377,agences-gironde-33
SG SUD OUEST,"285 CRS DE LA LIBERATION, 33400 TALENCE",33400,44.8120586,-0.5912904,agences-gironde-33
SG SUD OUEST,"RUE THIERS, 33140 VILLENAVE D ORNON",33140,44.7652231,-0.5832177,agences-gironde-33
SG SUD OUEST,"561 RTE DE TOULOUSE, 33140 VILLENAVE D ORNON",33140,44.783682,-0.5663889,agences-gironde-33
SG GRAND EST,"26 RUE CHARLES DE GAULLE, 68130 ALTKIRCH",68130,47.6231126,7.2367392,agences-haut-rhin-68
SG GRAND EST,"3 A RUE POINCARE, 68700 CERNAY",68700,47.8087965,7.1756407,agences-haut-rhin-68
SG GRAND EST,"17 RUE DES TETES, 68000 COLMAR",68000,48.0787034,7.355729,agences-haut-rhin-68
SG GRAND EST,"197 AV D ALSACE, 68000 COLMAR",68000,48.0651137,7.364072,agences-haut-rhin-68
SG GRAND EST,"24 AV DE LA LIBERTE, 68000 COLMAR",68000,48.0772562,7.3375172,agences-haut-rhin-68
SG GRAND EST,"17 RUE DE LA REPUBLIQUE, 68500 GUEBWILLER",68500,47.9073079,7.2135693,agences-haut-rhin-68
SG GRAND EST,"2 RUE DE BRUXELLES, 68260 KINGERSHEIM",68260,47.7911034,7.3409051,agences-haut-rhin-68
SG GRAND EST,"2 BD DE L'EUROPE, 68100 MULHOUSE",68100,47.7519523,7.3449009,agences-haut-rhin-68
SG GRAND EST,"2 AV DE RIEDISHEIM, 68100 MULHOUSE",68100,47.7435904,7.3480477,agences-haut-rhin-68
SG GRAND EST,"3 RUE BARTHOLDI, 68400 RIEDISHEIM",68400,47.743581,7.3654307,agences-haut-rhin-68
SG GRAND EST,"2 RTE DE L'ILE NAPOLEON, 68170 RIXHEIM",68170,47.7447241,7.4135967,agences-haut-rhin-68
SG GRAND EST,"4 RUE DE HUNINGUE, 68300 ST LOUIS",68300,47.5861928,7.5640958,agences-haut-rhin-68
SG GRAND EST,"3 RUE KLEBER, 68800 THANN",68800,47.8103624,7.102777,agences-haut-rhin-68
SG COURTOIS,"51 B ROUTE DE FRONTON, 31140 AUCAMVILLE",31140,43.6642597,1.4305341,agences-haute-garonne-31
SG COURTOIS,"22 RTE DE TOULOUSE, 31190 AUTERIVE",31190,43.3712822,1.4478041,agences-haute-garonne-31
SG COURTOIS,"20 PL GABRIEL ROUY, 31110 BAGNERES DE LUCHON",31110,42.7917332,0.5886523,agences-haute-garonne-31
SG COURTOIS,"1 RTE DE MONS, 31130 BALMA",31130,43.6099405,1.4982612,agences-haute-garonne-31
SG COURTOIS,"12 RUE PROSPER FERRADOU, 31700 BLAGNAC",31700,43.6341433,1.3969065,agences-haute-garonne-31
SG COURTOIS,"1 AV GEORGES BRASSENS, 31700 BLAGNAC",31700,43.6500925,1.3813201,agences-haute-garonne-31
SG COURTOIS,"11 PL JULES FERRY, 31390 CARBONNE",31390,43.2938231,1.2259425,agences-haute-garonne-31
SG COURTOIS,"47 ET 47 BIS AVENUE DE TOULOUSE, 31320 CASTANET TOLOSAN",31320,43.5026108,1.4800639,agences-haute-garonne-31
SG COURTOIS,"47 AV PASTEUR, 31220 CAZERES",31220,43.2094781,1.0855083,agences-haute-garonne-31
SG COURTOIS,"19 RUE D'AUCH, 31770 COLOMIERS",31770,43.6080252,1.3386243,agences-haute-garonne-31
SG COURTOIS,"5 RUE GILET, 31770 COLOMIERS",31770,43.6085433,1.3391737,agences-haute-garonne-31
SG COURTOIS,"3 RUE ANTOINE LAVOISIER, 31770 COLOMIERS",31770,43.611091,1.3097691,agences-haute-garonne-31
SG COURTOIS,"3 AV DE TOULOUSE, 31270 CUGNAUX",31270,43.5447797,1.3503931,agences-haute-garonne-31
SG COURTOIS,"10 AV DU CAGIRE, 31800 ESTANCARBON",31800,43.1172897,0.7610104,agences-haute-garonne-31
SG COURTOIS,"C.CIAL SAINT CAPRAIS, 31240 L UNION",31240,43.6569515,1.4931159,agences-haute-garonne-31
SG COURTOIS,"1 ALL DES NYMPHEAS, 31240 L UNION",31240,43.6555691,1.4765822,agences-haute-garonne-31
SG COURTOIS,"1 RUE SAINT JEAN, 31210 MONTREJEAU",31210,43.0852109,0.5685684,agences-haute-garonne-31
SG COURTOIS,"50 AV JACQUES DOUZANS, 31600 MURET",31600,43.467622,1.3285518,agences-haute-garonne-31
SG COURTOIS,"1 PL LAYRISSON, 31600 MURET",31600,43.4605048,1.3243089,agences-haute-garonne-31
SG COURTOIS,"1 AV DE L'ENCLOS, 31120 PORTET SUR GARONNE",31120,43.53648,1.3970328,agences-haute-garonne-31
SG COURTOIS,"CENTRE COMMERCIAL DU PARC, 31130 QUINT FONSEGRIVES",31130,43.5854254,1.5308893,agences-haute-garonne-31
SG COURTOIS,"4 RUE BAUDELAIRE, 31520 RAMONVILLE ST AGNE",31520,43.5474415,1.4699269,agences-haute-garonne-31
SG COURTOIS,"44 AV DE CASTELNAUDARY, 31250 REVEL",31250,43.4552215,1.9969417,agences-haute-garonne-31
SG COURTOIS,"PL JEAN MOULIN, 31470 ST LYS",31470,43.5132279,1.1751512,agences-haute-garonne-31
SG COURTOIS,"38 AV DE GAMEVILLE, 31650 ST ORENS DE GAMEVILLE",31650,43.5529794,1.5331373,agences-haute-garonne-31
SG COURTOIS,"179 AV DES MINIMES, 31200 TOULOUSE",31200,43.6203852,1.4358046,agences-haute-garonne-31
SG COURTOIS,"3 B BD LASCROSSES, 31000 TOULOUSE",31000,43.6104802,1.4353263,agences-haute-garonne-31
SG COURTOIS,"49 AV E BILLIERES, 31000 TOULOUSE",31000,43.6044303,1.4391951,agences-haute-garonne-31
SG COURTOIS,"166 AV JEAN RIEUX, 31500 TOULOUSE",31500,43.590263,1.4699434,agences-haute-garonne-31
SG COURTOIS,"207 RTE D'ALBI, 31200 TOULOUSE",31200,43.6422151,1.4671169,agences-haute-garonne-31
SG COURTOIS,"2 BD GRIFFOUL DORVAL, 31400 TOULOUSE",31400,43.5881413,1.4611528,agences-haute-garonne-31
SG COURTOIS,"118 AV CAMILLE PUJOL, 31500 TOULOUSE",31500,43.6006228,1.4680393,agences-haute-garonne-31
SG COURTOIS,"272 AV SAINT-EXUPERY, 31400 TOULOUSE",31400,43.5791186,1.4828895,agences-haute-garonne-31
SG COURTOIS,"64 RUE BENJAMIN BAILLAUD, 31500 TOULOUSE",31500,43.6175447,1.4655995,agences-haute-garonne-31
SG COURTOIS,"40 AV LOUIS ARISTE PASSERIEU, 31100 TOULOUSE",31100,43.58154,1.3892816,agences-haute-garonne-31
SG COURTOIS,"36 RUE DE METZ, 31000 TOULOUSE",31000,43.6004691,1.447263,agences-haute-garonne-31
SG COURTOIS,"103 AV JULES JULIEN, 31400 TOULOUSE",31400,43.57753,1.4504032,agences-haute-garonne-31
SG COURTOIS,"18 PL ROGUET, 31300 TOULOUSE",31300,43.5974736,1.4306293,agences-haute-garonne-31
SG COURTOIS,"9 PL ST ETIENNE, 31000 TOULOUSE",31000,43.5998899,1.4487318,agences-haute-garonne-31
SG COURTOIS,"21 GR RUE ST-MICHEL, 31400 TOULOUSE",31400,43.5652405,1.4728899,agences-haute-garonne-31
SG COURTOIS,"22 BD DE STRASBOURG, 31000 TOULOUSE",31000,43.6073706,1.447261,agences-haute-garonne-31
SG COURTOIS,"129 RUE GASTON DOUMERGUE, 31170 TOURNEFEUILLE",31170,43.5848935,1.3482239,agences-haute-garonne-31
SG COURTOIS,"251 RUE GASTON DOUMERGUE, 31170 TOURNEFEUILLE",31170,43.5881408,1.3569152,agences-haute-garonne-31
SG COURTOIS,"113 RUE DE REPUBLIQUE, 31290 VILLEFRANCHE DE LAURAGAIS",31290,43.3988997,1.7168363,agences-haute-garonne-31
SG AUVERGNE RHÔNE ALPES,"7 BD ST-LOUIS, 43000 LE PUY EN VELAY",43000,45.0419107,3.8815028,agences-haute-loire-43
SG AUVERGNE RHÔNE ALPES,"9 FAUBOURG CARNOT, 43120 MONISTROL SUR LOIRE",43120,45.2931171,4.1726521,agences-haute-loire-43
SG GRAND EST,"36 RUE VICTOIRE LA MARNE, 52000 CHAUMONT",52000,48.1054608,5.1388621,agences-haute-marne-52
SG GRAND EST,"28 RUE DIDEROT, 52200 LANGRES",52200,47.8610024,5.3336143,agences-haute-marne-52
SG GRAND EST,"52 RUE GAMBETTA, 52100 ST DIZIER",52100,48.6366826,4.9512203,agences-haute-marne-52
SG GRAND EST,"24 AV DE LA REPUBLIQUE, 70200 LURE",70200,47.6845578,6.4955085,agences-haute-saone-70
SG GRAND EST,"33 RUE PAUL MOREL, 70000 VESOUL",70000,47.6209756,6.1552704,agences-haute-saone-70
SG LAYDERNIER,"120 RTE DE LA ROCHE, 74800 AMANCY",74800,46.0699929,6.3189507,agences-haute-savoie-74
SG LAYDERNIER,"21 RTE DE VIGNIERES, 74000 ANNECY",74000,45.908583,6.139765,agences-haute-savoie-74
SG LAYDERNIER,"10 AV DU RHONE, 74000 ANNECY",74000,45.8993822,6.1175906,agences-haute-savoie-74
SG LAYDERNIER,"32 AV DE LA REPUBLIQUE, 74960 ANNECY",74960,45.9074948,6.1087316,agences-haute-savoie-74
SG LAYDERNIER,"73 AV DE GENEVE, 74000 ANNECY",74000,45.914652,6.123469,agences-haute-savoie-74
SG LAYDERNIER,"9 B RUE ROYALE, 74000 ANNECY",74000,45.8998591,6.1225536,agences-haute-savoie-74
SG LAYDERNIER,"10 PL HOTEL DE VILLE, 74100 ANNEMASSE",74100,46.1927077,6.2338841,agences-haute-savoie-74
SG LAYDERNIER,"101 RUE DU PONT, 74130 BONNEVILLE",74130,46.0764136,6.407496,agences-haute-savoie-74
SG LAYDERNIER,"12 PL J.BALMAT, 74400 CHAMONIX MONT BLANC",74400,45.9281807,6.9341723,agences-haute-savoie-74
SG LAYDERNIER,"3 GRAND-RUE, 74300 CLUSES",74300,46.0414356,6.6112769,agences-haute-savoie-74
SG LAYDERNIER,"1 AV JEAN LEGER, 74500 EVIAN LES BAINS",74500,46.4001813,6.5939295,agences-haute-savoie-74
SG LAYDERNIER,"15 PL JOSEPH SERAND, 74210 FAVERGES SEYTHENEX",74210,45.748302,6.2928272,agences-haute-savoie-74
SG LAYDERNIER,"211 RTE DE VILLAVIT, 74450 LE GRAND BORNAND",74450,45.9389621,6.4212075,agences-haute-savoie-74
SG LAYDERNIER,"34 RTE DE PARIS, 74330 LA BALME DE SILLINGY",74330,45.9610549,6.0401022,agences-haute-savoie-74
SG LAYDERNIER,"5 RTE DE LA PISCINE, 74220 LA CLUSAZ",74220,45.9068077,6.4288033,agences-haute-savoie-74
SG LAYDERNIER,"136 RUE CARNOT, 74800 LA ROCHE SUR FORON",74800,46.0662628,6.3117343,agences-haute-savoie-74
SG LAYDERNIER,"186 PL DE L'EGLISE, 74120 MEGEVE",74120,45.8568204,6.6178388,agences-haute-savoie-74
SG LAYDERNIER,"1 B RUE DE LATHARDAZ, 74960 ANNECY",74960,45.909911,6.1014159,agences-haute-savoie-74
SG LAYDERNIER,"56 AV GANTIN, 74150 RUMILLY",74150,45.85964,5.94851,agences-haute-savoie-74
SG LAYDERNIER,"66 AV DE LA GARE, 74700 SALLANCHES",74700,45.935119,6.633461,agences-haute-savoie-74
SG LAYDERNIER,"7 PL DU FORON, 74950 SCIONZIER",74950,46.0569737,6.5501775,agences-haute-savoie-74
SG LAYDERNIER,"3887 RTE D'ALBERTVILLE, 74320 SEVRIER",74320,45.849158,6.1459386,agences-haute-savoie-74
SG LAYDERNIER,"PL SAINT-JEAN, 74600 ANNECY",74600,45.8878353,6.1006406,agences-haute-savoie-74
SG LAYDERNIER,"13 BD SEMNOZ, 74600 ANNECY",74600,45.8593141,6.0859699,agences-haute-savoie-74
SG LAYDERNIER,"108 RUE DU MONT BLANC, 74170 ST GERVAIS LES BAINS",74170,45.8936668,6.7114616,agences-haute-savoie-74
SG LAYDERNIER,"226 RTE DE L'EGLISE, 74410 ST JORIOZ",74410,45.8322678,6.1617337,agences-haute-savoie-74
SG LAYDERNIER,"1-3 AV DE TERNIER, 74160 ST JULIEN EN GENEVOIS",74160,46.1422294,6.0820482,agences-haute-savoie-74
SG LAYDERNIER,"4 PL DE L'HOTEL DE VILLE, 74230 THONES",74230,45.8820146,6.3245645,agences-haute-savoie-74
SG LAYDERNIER,"3 PL DES ARTS, 74200 THONON LES BAINS",74200,46.3705628,6.4801048,agences-haute-savoie-74
SG LAYDERNIER,"14 RUE DE LA TOURNETTE, 74290 VEYRIER DU LAC",74290,45.8839488,6.1772376,agences-haute-savoie-74
SG LAYDERNIER,"1 RUE DE L'ESPERANCE, 74100 VILLE LA GRAND",74100,46.2015298,6.2472082,agences-haute-savoie-74
SG TARNEAUD,"52 AV PDT WILSON, 87700 AIXE SUR VIENNE",87700,45.7958744,1.1302177,agences-haute-vienne-87
SG TARNEAUD,"13 RUE JEAN JAURES, 87300 BELLAC",87300,46.102561,1.356324,agences-haute-vienne-87
SG TARNEAUD,"7 PL DE LA LIBERTE, 87250 BESSINES SUR GARTEMPE",87250,46.1088641,1.3681482,agences-haute-vienne-87
SG TARNEAUD,"174 AV DE LIMOGES, 87270 COUZEIX",87270,45.8766366,1.2380071,agences-haute-vienne-87
SG TARNEAUD,"3 PL DU COMMERCE, 87100 LIMOGES",87100,45.8411178,1.2332449,agences-haute-vienne-87
SG TARNEAUD,"5 PL SADI CARNOT, 87000 LIMOGES",87000,45.840146,1.2583599,agences-haute-vienne-87
SG TARNEAUD,"2 PL DES BANCS, 87000 LIMOGES",87000,45.828887,1.258912,agences-haute-vienne-87
SG TARNEAUD,"8 R V SCHOELCHER, 87000 LIMOGES",87000,45.8297089,1.2578851,agences-haute-vienne-87
SG TARNEAUD,"2 ET 6 RUE TURGOT, 87000 LIMOGES",87000,45.8297089,1.2578851,agences-haute-vienne-87
SG TARNEAUD,"33 AV DU PRESIDENT SADI CARNOT, 87350 PANAZOL",87350,45.8287085,1.2950588,agences-haute-vienne-87
SG TARNEAUD,"1 PL DE L'EGLISE, 87600 ROCHECHOUART",87600,45.8236174,0.8206359,agences-haute-vienne-87
SG TARNEAUD,"30 BD VICTOR HUGO, 87200 ST JUNIEN",87200,45.8884528,0.9005131,agences-haute-vienne-87
SG TARNEAUD,"AV DU CHAMP DE MARS, 87400 ST LEONARD DE NOBLAT",87400,45.8385327,1.4921502,agences-haute-vienne-87
SG TARNEAUD,"42 BD DE L'HOTEL DE VILLE, 87500 ST YRIEIX LA PERCHE",87500,45.514203,1.2041287,agences-haute-vienne-87
SG SMC,"2 B RUE CARNOT, 05000 GAP",5000,44.5602151,6.0810496,agences-hautes-alpes-05
SG COURTOIS,"19 RUE DU BOURG NEUF, 65400 ARGELES GAZOST",65400,43.0065993,-0.1013551,agences-hautes-pyrenees-65
SG COURTOIS,"RUE PASTEUR, 65200 BAGNERES DE BIGORRE",65200,43.0657717,0.1495325,agences-hautes-pyrenees-65
SG COURTOIS,"97 RUE THIERS, 65300 LANNEMEZAN",65300,43.123743,0.3836176,agences-hautes-pyrenees-65
SG COURTOIS,"2 PL PEYRAMALE, 65100 LOURDES",65100,43.0963342,-0.0468132,agences-hautes-pyrenees-65
SG COURTOIS,"1 RUE DES GRAVES, 65310 ODOS",65310,43.2162592,0.0542758,agences-hautes-pyrenees-65
SG COURTOIS,"20 AV F MITTERRAND, 65600 SEMEAC",65600,43.2295112,0.1151286,agences-hautes-pyrenees-65
SG COURTOIS,"1 CRS GAMBETTA, 65000 TARBES",65000,43.2321829,0.0737308,agences-hautes-pyrenees-65
SG COURTOIS,"PL DE LA REPUBLIQUE, 65500 VIC EN BIGORRE",65500,43.3861327,0.0563015,agences-hautes-pyrenees-65
SG SOCIETE GENERALE,"34 RUE AUGUSTE MOUNIE, 92160 ANTONY",92160,48.7540437,2.3024314,agences-hauts-de-seine-92
SG SOCIETE GENERALE,"34 GD RUE CH DE GAULLE, 92600 ASNIERES SUR SEINE",92600,48.9137215,2.2880315,agences-hauts-de-seine-92
SG SOCIETE GENERALE,"4 AV DE LA PAIX, 92600 ASNIERES SUR SEINE",92600,48.9185393,2.312691,agences-hauts-de-seine-92
SG SOCIETE GENERALE,"356 AV D ARGENTEUIL, 92600 ASNIERES SUR SEINE",92600,48.9051352,2.2877259,agences-hauts-de-seine-92
SG SOCIETE GENERALE,"2 AV HENRI RAVERA, 92220 BAGNEUX",92220,48.7961992,2.3017303,agences-hauts-de-seine-92
SG SOCIETE GENERALE,"3 RUE FELIX FAURE, 92270 BOIS COLOMBES",92270,48.9150078,2.2722959,agences-hauts-de-seine-92
SG SOCIETE GENERALE,"40 BD JEAN JAURES, 92100 BOULOGNE BILLANCOURT",92100,48.842086,2.2385838,agences-hauts-de-seine-92
SG SOCIETE GENERALE,"102 AV GENERAL LECLERC, 92100 BOULOGNE BILLANCOURT",92100,48.8309498,2.234325,agences-hauts-de-seine-92
SG SOCIETE GENERALE,"92 AV J-BAPTISTE CLEMENT, 92100 BOULOGNE BILLANCOURT",92100,48.837494,2.2378546,agences-hauts-de-seine-92
SG SOCIETE GENERALE,"2 RUE MOREAU VAUTHIER, 92100 BOULOGNE BILLANCOURT",92100,48.8449132,2.2450129,agences-hauts-de-seine-92
SG SOCIETE GENERALE,"3 AV DU GAL LECLERC, 92100 BOULOGNE BILLANCOURT",92100,48.837494,2.2378546,agences-hauts-de-seine-92
SG SOCIETE GENERALE,"7 RUE RENE ROECKEL, 92340 BOURG LA REINE",92340,48.7796716,2.3140005,agences-hauts-de-seine-92
SG SOCIETE GENERALE,"71 RUE JEAN LONGUET, 92290 CHATENAY MALABRY",92290,48.7719277,2.2809456,agences-hauts-de-seine-92
SG SOCIETE GENERALE,"44 AV DE PARIS, 92320 CHATILLON",92320,48.8057306,2.2918301,agences-hauts-de-seine-92
SG SOCIETE GENERALE,"4 RUE PAVE DE MEUDON, 92370 CHAVILLE",92370,48.8090026,2.1924797,agences-hauts-de-seine-92
SG SOCIETE GENERALE,"743 AV SALENGRO, 92370 CHAVILLE",92370,48.8145555,2.1933012,agences-hauts-de-seine-92
SG SOCIETE GENERALE,"16 AV JEAN JAURES, 92140 CLAMART",92140,48.8010008,2.2638564,agences-hauts-de-seine-92
SG SOCIETE GENERALE,"3 PL MARTYRS OCC.ALLE., 92110 CLICHY",92110,48.90271,2.3092705,agences-hauts-de-seine-92
SG SOCIETE GENERALE,"2 RUE DE LA LIBERTE, 92700 COLOMBES",92700,48.9221847,2.2540358,agences-hauts-de-seine-92
SG SOCIETE GENERALE,"53 AV PASTEUR, 92400 COURBEVOIE",92400,48.9047667,2.2689335,agences-hauts-de-seine-92
SG SOCIETE GENERALE,"CTRE CIAL CHARRAS, 92400 COURBEVOIE",92400,48.9010419,2.266358,agences-hauts-de-seine-92
SG SOCIETE GENERALE,"41 AV LEONARD DE VINCI, 92400 COURBEVOIE",92400,48.8970264,2.2374567,agences-hauts-de-seine-92
SG SOCIETE GENERALE,"83 RUE DE BEZONS, 92400 COURBEVOIE",92400,48.8976315,2.2474918,agences-hauts-de-seine-92
SG SOCIETE GENERALE,"10 AV MARCEAU, 92400 COURBEVOIE",92400,48.8987924,2.246836,agences-hauts-de-seine-92
SG SOCIETE GENERALE,"3 PL VICTOR HUGO, 92400 COURBEVOIE",92400,48.8923442,2.2537516,agences-hauts-de-seine-92
SG SOCIETE GENERALE,"64 RUE BOUCICAUT, 92260 FONTENAY AUX ROSES",92260,48.7917669,2.2863251,agences-hauts-de-seine-92
SG SOCIETE GENERALE,"28 AV DU MAL JOFFRE, 92380 GARCHES",92380,48.8469068,2.1893546,agences-hauts-de-seine-92
SG SOCIETE GENERALE,"140 AV GABRIEL PERI, 92230 GENNEVILLIERS",92230,48.924793,2.294638,agences-hauts-de-seine-92
SG SOCIETE GENERALE,"3 ALL SAINTE LUCIE, 92130 ISSY LES MOULINEAUX",92130,48.8209112,2.2519011,agences-hauts-de-seine-92
SG SOCIETE GENERALE,"1 RUE ANDRE CHENIER, 92130 ISSY LES MOULINEAUX",92130,48.8237109,2.2726889,agences-hauts-de-seine-92
SG SOCIETE GENERALE,"39 RUE ERNEST RENAN, 92130 ISSY LES MOULINEAUX",92130,48.8269591,2.2794666,agences-hauts-de-seine-92
SG SOCIETE GENERALE,"27 CRS DE L'ANCIENNE BOULANGERIE, 92130 ISSY LES MOULINEAUX",92130,48.8243742,2.2595944,agences-hauts-de-seine-92
SG SOCIETE GENERALE,"2 BD FRANCK KUPKA, 92800 PUTEAUX",92800,48.8826783,2.2410408,agences-hauts-de-seine-92
SG SOCIETE GENERALE,"15 PARVIS DE LA DEFENSE, 92800 PUTEAUX",92800,48.8906441,2.2376555,agences-hauts-de-seine-92
SG SOCIETE GENERALE,"5 PL DE LA PYRAMIDE, 92800 PUTEAUX",92800,48.8893271,2.2436847,agences-hauts-de-seine-92
SG SOCIETE GENERALE,"19 CRS VALMY, 92800 PUTEAUX",92800,48.8922598,2.232953,agences-hauts-de-seine-92
SG SOCIETE GENERALE,"3 AV JOSEPH FROMENT, 92250 LA GARENNE COLOMBES",92250,48.9120593,2.2561013,agences-hauts-de-seine-92
SG SOCIETE GENERALE,"3 PL DES CHAMPS PHILIPPE, 92250 LA GARENNE COLOMBES",92250,48.903867,2.233978,agences-hauts-de-seine-92
SG SOCIETE GENERALE,"62 AV FOCH, 92250 LA GARENNE COLOMBES",92250,48.9091984,2.2459444,agences-hauts-de-seine-92
SG SOCIETE GENERALE,"7 PL CHARLES PASQUA, 92350 LE PLESSIS ROBINSON",92350,48.77913,2.260716,agences-hauts-de-seine-92
SG SOCIETE GENERALE,"9 PL DU GAL LECLERC, 92300 LEVALLOIS PERRET",92300,48.8937068,2.2888286,agences-hauts-de-seine-92
SG SOCIETE GENERALE,"51 RUE MARIUS AUFAN, 92300 LEVALLOIS PERRET",92300,48.8905567,2.2844025,agences-hauts-de-seine-92
SG SOCIETE GENERALE,"80 RUE VICTOR HUGO, 92300 LEVALLOIS PERRET",92300,48.8992331,2.2935107,agences-hauts-de-seine-92
SG SOCIETE GENERALE,"27 AV GEORGES POMPIDOU, 92300 LEVALLOIS PERRET",92300,48.8981238,2.2798491,agences-hauts-de-seine-92
SG SOCIETE GENERALE,"96 RUE DE VILLIERS, 92300 LEVALLOIS PERRET",92300,48.894087,2.2756654,agences-hauts-de-seine-92
SG SOCIETE GENERALE,"18 RUE BERANGER, 92240 MALAKOFF",92240,48.8210608,2.3029313,agences-hauts-de-seine-92
SG SOCIETE GENERALE,"24 RUE MARCEL ALLEGOT, 92190 MEUDON",92190,48.8203839,2.2285601,agences-hauts-de-seine-92
SG SOCIETE GENERALE,"36 RUE DE LA REPUBLIQUE, 92190 MEUDON",92190,48.8072329,2.2355969,agences-hauts-de-seine-92
SG SOCIETE GENERALE,"10 GALERIE DU PATIO, 92360 MEUDON",92360,48.7867825,2.2273835,agences-hauts-de-seine-92
SG SOCIETE GENERALE,"24 PL JEAN JAURES, 92120 MONTROUGE",92120,48.8158837,2.3116349,agences-hauts-de-seine-92
SG SOCIETE GENERALE,"31 RUE GABRIEL PERI, 92120 MONTROUGE",92120,48.8180897,2.3215561,agences-hauts-de-seine-92
SG SOCIETE GENERALE,"48 RUE M. THOREZ, 92000 NANTERRE",92000,48.8927571,2.2073555,agences-hauts-de-seine-92
SG SOCIETE GENERALE,"195 AV CHARLES DE GAULLE., 92200 NEUILLY SUR SEINE",92200,48.8842265,2.2610677,agences-hauts-de-seine-92
SG SOCIETE GENERALE,"33 RUE DE CHEZY, 92200 NEUILLY SUR SEINE",92200,48.8869863,2.2698812,agences-hauts-de-seine-92
SG SOCIETE GENERALE,"122 AV CH. DE GAULLE, 92200 NEUILLY SUR SEINE",92200,48.8800377,2.2574686,agences-hauts-de-seine-92
SG SOCIETE GENERALE,"44 AV CH. DE GAULLE, 92200 NEUILLY SUR SEINE",92200,48.8800377,2.2574686,agences-hauts-de-seine-92
SG SOCIETE GENERALE,"9 RUE ERNEST DELOISON, 92200 NEUILLY SUR SEINE",92200,48.8769168,2.2496609,agences-hauts-de-seine-92
SG SOCIETE GENERALE,"148 AV ACHILLE PERETTI, 92200 NEUILLY SUR SEINE",92200,48.8859004,2.2631561,agences-hauts-de-seine-92
SG SOCIETE GENERALE,"22 RUE ANATOLE France, 92800 PUTEAUX",92800,48.8851358,2.239257,agences-hauts-de-seine-92
SG SOCIETE GENERALE,"81 AV DU GL DE GAULLE, 92800 PUTEAUX",92800,48.8826783,2.2410408,agences-hauts-de-seine-92
SG SOCIETE GENERALE,"21 BD RICHARD WALLACE, 92800 PUTEAUX",92800,48.8797192,2.2399638,agences-hauts-de-seine-92
SG SOCIETE GENERALE,"155 RUE LT CL MONTBRISON, 92500 RUEIL MALMAISON",92500,48.8718031,2.1801931,agences-hauts-de-seine-92
SG SOCIETE GENERALE,"89 AV PAUL DOUMER, 92500 RUEIL MALMAISON",92500,48.8801689,2.1817648,agences-hauts-de-seine-92
SG SOCIETE GENERALE,"3 RUE ROGER JOURDAIN, 92500 RUEIL MALMAISON",92500,48.8762588,2.2014226,agences-hauts-de-seine-92
SG SOCIETE GENERALE,"3 AV EDOUARD BELIN, 92500 RUEIL MALMAISON",92500,48.8879466,2.1689295,agences-hauts-de-seine-92
SG SOCIETE GENERALE,"106 RUE HOUDAN, 92330 SCEAUX",92330,48.7784347,2.2919225,agences-hauts-de-seine-92
SG SOCIETE GENERALE,"62 GRANDE RUE, 92310 SEVRES",92310,48.8244656,2.2121121,agences-hauts-de-seine-92
SG SOCIETE GENERALE,"2 AV DU MAL FOCH, 92210 ST CLOUD",92210,48.8471949,2.2135855,agences-hauts-de-seine-92
SG SOCIETE GENERALE,"9 PROMENADE ST LEUFROY, 92150 SURESNES",92150,48.8688068,2.2257586,agences-hauts-de-seine-92
SG SOCIETE GENERALE,"60 AV JEAN JAURES, 92150 SURESNES",92150,48.864142,2.2085405,agences-hauts-de-seine-92
SG SOCIETE GENERALE,"41 RUE JEAN JAURES, 92170 VANVES",92170,48.824898,2.294553,agences-hauts-de-seine-92
SG SOCIETE GENERALE,"1 RUE FONDS HUGUENOTS, 92420 VAUCRESSON",92420,48.8364225,2.1506469,agences-hauts-de-seine-92
SG SOCIETE GENERALE,"46 RUE DE ST-CLOUD, 92410 VILLE D AVRAY",92410,48.8272987,2.1887946,agences-hauts-de-seine-92
SG COURTOIS,"1 BD JEAN-MONNET, 34300 AGDE",34300,43.3035576,3.4847292,agences-herault-34
SG COURTOIS,"2 RUE GRAND CAP, 34300 AGDE",34300,43.2990265,3.4774114,agences-herault-34
SG COURTOIS,"49 RUE ST ALEXANDRE, 34600 BEDARIEUX",34600,43.6162383,3.1599573,agences-herault-34
SG COURTOIS,"AV DE LA VOIE DOMITIENNE, 34500 BEZIERS",34500,43.3477581,3.2504252,agences-herault-34
SG COURTOIS,"1 PL DE LA VICTOIRE, 34500 BEZIERS",34500,43.344986,3.2159081,agences-herault-34
SG COURTOIS,"230 AV DE L'AUBE ROUGE, 34170 CASTELNAU LE LEZ",34170,43.6369221,3.9271624,agences-herault-34
SG COURTOIS,"7 ALL R.SALENGRO, 34800 CLERMONT L HERAULT",34800,43.6145878,3.3876412,agences-herault-34
SG COURTOIS,"9 PL DE LA REPUBLIQUE, 34510 FLORENSAC",34510,43.3827453,3.4659882,agences-herault-34
SG COURTOIS,"1 AV GENERAL DE GAULLE, 34110 FRONTIGNAN",34110,43.4466658,3.7535596,agences-herault-34
SG COURTOIS,"98 AV DU MONT AIGOUAL, 34190 GANGES",34190,43.9308809,3.7049677,agences-herault-34
SG COURTOIS,"4 PARC D ACTIVITE DE CAMALCE, 34150 GIGNAC",34150,43.6498287,3.5474114,agences-herault-34
SG COURTOIS,"18 RUE LOUIS BREGUET, 34830 JACOU",34830,43.6593926,3.9036265,agences-herault-34
SG COURTOIS,"RTE DE SAINT-GEORGES D'ORQUES, 34990 JUVIGNAC",34990,43.6107585,3.8043825,agences-herault-34
SG COURTOIS,"AV DU PORT, 34280 LA GRANDE MOTTE",34280,43.5592369,4.0842432,agences-herault-34
SG COURTOIS,"RPT DE L'EUROPE, 34970 LATTES",34970,43.5669439,3.8989589,agences-herault-34
SG COURTOIS,"2 RUE DE LA JONCASSE, 34920 LE CRES",34920,43.65132,3.937751,agences-herault-34
SG COURTOIS,"429 AV DU VIDOURLE, 34400 LUNEL",34400,43.6822478,4.1491096,agences-herault-34
SG COURTOIS,"26 PL ANTERRIEU, 34130 MAUGUIO",34130,43.6127335,4.0246239,agences-herault-34
SG COURTOIS,"1 B PL BAPTISTE MILHAU, 34140 MEZE",34140,43.4270589,3.6043709,agences-herault-34
SG COURTOIS,"12 AV D'ASSAS, 34000 MONTPELLIER",34000,43.6131213,3.8671657,agences-herault-34
SG COURTOIS,"121 AV DE LODEVE, 34070 MONTPELLIER",34070,43.610508,3.8494111,agences-herault-34
SG COURTOIS,"11 BD SARRAIL, 34000 MONTPELLIER",34000,43.6097082,3.8802461,agences-herault-34
SG COURTOIS,"46 AV PROF.GRASSET, 34090 MONTPELLIER",34090,43.6316416,3.8651679,agences-herault-34
SG COURTOIS,"85 PL ERNEST GRANIER, 34000 MONTPELLIER",34000,43.6020107,3.9009243,agences-herault-34
SG COURTOIS,"RTE DE GANGES, 34000 MONTPELLIER",34000,43.6281657,3.8580025,agences-herault-34
SG COURTOIS,"40 AV THEROIGNE DE MERICOURT, 34000 MONTPELLIER",34000,43.5981547,3.9024665,agences-herault-34
SG COURTOIS,"54 BD PEDRO DE LUNA, 34070 MONTPELLIER",34070,43.5954988,3.8687837,agences-herault-34
SG COURTOIS,"24 RUE DE MAGUELONE, 34250 PALAVAS LES FLOTS",34250,43.5323733,3.9240385,agences-herault-34
SG COURTOIS,"8 PL DU 14 JUILLET, 34120 PEZENAS",34120,43.4607567,3.4251791,agences-herault-34
SG COURTOIS,"185 RUE DE COULONDRES, 34980 ST GELY DU FESC",34980,43.698005,3.8130627,agences-herault-34
SG COURTOIS,"RTE DE VALRAS, 34410 SERIGNAN",34410,43.2634465,3.284271,agences-herault-34
SG COURTOIS,"5 QU DE LA RESISTANCE, 34200 SETE",34200,43.4029604,3.6968228,agences-herault-34
SG COURTOIS,"315 PL EDOUARD-HERRIOT, 34200 SETE",34200,43.3940575,3.6768821,agences-herault-34
SG COURTOIS,"6 RTE DE BEZIERS, 34430 ST JEAN DE VEDAS",34430,43.5753376,3.8259228,agences-herault-34
SG COURTOIS,"123 AV DE MONTPELLIER, 34270 ST MATHIEU DE TREVIERS",34270,43.7660989,3.8662809,agences-herault-34
SG COURTOIS,"2 BD GAMBETTA, 34350 VALRAS PLAGE",34350,43.2475472,3.2924708,agences-herault-34
SG GRAND OUEST,"8 RUE DES ESTUAIRES, 35470 BAIN DE BRETAGNE",35470,47.8556721,-1.6882488,agences-ille-et-vilaine-35
SG GRAND OUEST,"1 RUE GABRIEL FAURE, 35830 BETTON",35830,48.181946,-1.6372216,agences-ille-et-vilaine-35
SG GRAND OUEST,"13 RUE DU DOCTEUR JOLY, 35170 BRUZ",35170,48.0239541,-1.741342,agences-ille-et-vilaine-35
SG GRAND OUEST,"6 MAIL BOURGCHEVREUIL, 35510 CESSON SEVIGNE",35510,48.1185815,-1.6044613,agences-ille-et-vilaine-35
SG GRAND OUEST,"19 RUE MAULION, 35800 DINARD",35800,48.6332139,-2.0559651,agences-ille-et-vilaine-35
SG GRAND OUEST,"14 BD JEAN JAURES, 35300 FOUGERES",35300,48.3530071,-1.2002513,agences-ille-et-vilaine-35
SG GRAND OUEST,"23 RUE DE BEL-AIR, 35150 JANZE",35150,47.9553036,-1.5026219,agences-ille-et-vilaine-35
SG GRAND OUEST,"AV DES PLATANES, 35310 MORDELLES",35310,48.0816489,-1.8361956,agences-ille-et-vilaine-35
SG GRAND OUEST,"3 RUE DU MARECHAL FOCH, 35600 REDON",35600,47.651708,-2.0846353,agences-ille-et-vilaine-35
SG GRAND OUEST,"1 AV CHARLES ET RAYMONDE TILLON, 35000 RENNES",35000,48.1268214,-1.6867313,agences-ille-et-vilaine-35
SG GRAND OUEST,"115 RUE DE L'ALMA, 35000 RENNES",35000,48.0946761,-1.6742385,agences-ille-et-vilaine-35
SG GRAND OUEST,"12 RUE LE BASTARD, 35000 RENNES",35000,48.1130869,-1.6792724,agences-ille-et-vilaine-35
SG GRAND OUEST,"14 RUE D ISLY, 35000 RENNES",35000,48.1062946,-1.6779181,agences-ille-et-vilaine-35
SG GRAND OUEST,"BD DE LA TOUR D'AUVERGNE, 35000 RENNES",35000,48.1074406,-1.6844913,agences-ille-et-vilaine-35
SG GRAND OUEST,"1 PLACE DU MARECHAL FOCH, 35000 RENNES",35000,48.1106153,-1.6854741,agences-ille-et-vilaine-35
SG GRAND OUEST,"159 RUE DE FOUGERES, 35700 RENNES",35700,48.1216024,-1.6633065,agences-ille-et-vilaine-35
SG GRAND OUEST,"337 RUE DE NANTES, 35136 ST JACQUES DE LA LANDE",35136,48.0892455,-1.6932113,agences-ille-et-vilaine-35
SG GRAND OUEST,"86 BD CHATEAUBRIAND, 35400 ST MALO",35400,48.657747,-1.996195,agences-ille-et-vilaine-35
SG GRAND OUEST,"2A AV JEAN JAURES, 35400 ST MALO",35400,48.648342,-2.008082,agences-ille-et-vilaine-35
SG GRAND OUEST,"72 RUE GEORGES CLEMENCEAU, 35400 SAINT-MALO",35400,48.6383169,-2.0171746,agences-ille-et-vilaine-35
SG GRAND OUEST,"RUE DU PAPEGAULT, 35190 TINTENIAC",35190,48.3288102,-1.842294,agences-ille-et-vilaine-35
SG GRAND OUEST,"22 RUE DE LA BORDERIE, 35500 VITRE",35500,48.1233223,-1.2116068,agences-ille-et-vilaine-35
SG TARNEAUD,"16 RUE GRANDE, 36200 ARGENTON-SUR-CREUSE",36200,46.5873758,1.5185747,agences-indre-36
SG TARNEAUD,"47 RUE DES PONTS, 36500 BUZANCAIS",36500,46.8888234,1.4208136,agences-indre-36
SG TARNEAUD,"29 RUE VICTOR HUGO, 36000 CHATEAUROUX",36000,46.8110285,1.69298,agences-indre-36
SG TARNEAUD,"31 PL DU 10 JUIN, 36100 ISSOUDUN",36100,46.9087774,1.9512228,agences-indre-36
SG TARNEAUD,"29 PL DE LA LIBERATION, 36300 LE BLANC",36300,46.6329132,1.0634219,agences-indre-36
SG TARNEAUD,"4 QU CHARLES DE GAULLE, 37400 AMBOISE",37400,47.3967258,0.9745349,agences-indre-et-loire-37
SG TARNEAUD,"44 RUE DU PONT, 37150 BLERE",37150,47.3294307,0.9917489,agences-indre-et-loire-37
SG TARNEAUD,"68 AV DE LA REPUBLIQUE, 37170 CHAMBRAY LES TOURS",37170,47.343628,0.715597,agences-indre-et-loire-37
SG TARNEAUD,"98 QU JEANNE D'ARC, 37500 CHINON",37500,47.1653384,0.2438659,agences-indre-et-loire-37
SG TARNEAUD,"9 RUE GAMARD, 37300 JOUE LES TOURS",37300,47.3504927,0.6624086,agences-indre-et-loire-37
SG TARNEAUD,"21 RUE REPUBLIQUE, 37600 LOCHES",37600,47.1291638,0.9982699,agences-indre-et-loire-37
SG TARNEAUD,"42 RUE NATIONALE, 37250 MONTBAZON",37250,47.2809574,0.7113589,agences-indre-et-loire-37
SG TARNEAUD,"247 BD CHARLES DE GAULLE, 37540 ST CYR SUR LOIRE",37540,47.424823,0.6561631,agences-indre-et-loire-37
SG TARNEAUD,"35 B AV DE LA REPUBLIQUE, 37700 ST PIERRE DES CORPS",37700,47.3895195,0.7196988,agences-indre-et-loire-37
SG TARNEAUD,"3 BD HEURTELOUP, 37000 TOURS",37000,47.390119,0.6901699,agences-indre-et-loire-37
SG TARNEAUD,"16 PL DE LA TRANCHEE, 37100 TOURS",37100,47.4093099,0.681344,agences-indre-et-loire-37
SG TARNEAUD,"26 PL GASTON PAILLHOU, 37000 TOURS",37000,47.3915143,0.6816475,agences-indre-et-loire-37
SG TARNEAUD,"104 RUE GIRAUDEAU, 37000 TOURS",37000,47.3835299,0.6771504,agences-indre-et-loire-37
SG AUVERGNE RHÔNE ALPES,"ZAC LES MICHELLIERES, 38190 BERNIN",38190,45.2647221,5.8753861,agences-isere-38
SG AUVERGNE RHÔNE ALPES,"16 AV DE LA REPUBLIQUE, 38520 LE BOURG D OISANS",38520,45.0561256,6.029611,agences-isere-38
SG AUVERGNE RHÔNE ALPES,"17 AV GAMBETTA, 38300 BOURGOIN JALLIEU",38300,45.5864142,5.2729989,agences-isere-38
SG AUVERGNE RHÔNE ALPES,"2 AV ROBERT HUANT, 38190 VILLARD BONNOT",38190,45.2641332,5.9005053,agences-isere-38
SG AUVERGNE RHÔNE ALPES,"46 AV DU GRESIVAUDAN, 38700 CORENC",38700,45.2096593,5.760578,agences-isere-38
SG AUVERGNE RHÔNE ALPES,"431 AV AMBROISE CROIZAT, 38920 CROLLES",38920,45.2742596,5.8861545,agences-isere-38
SG AUVERGNE RHÔNE ALPES,"50 AV DU 8 MAI 1945, 38130 ECHIROLLES",38130,45.149671,5.7177756,agences-isere-38
SG AUVERGNE RHÔNE ALPES,"166 AV JEAN JAURES, 38320 EYBENS",38320,45.1483976,5.7507764,agences-isere-38
SG AUVERGNE RHÔNE ALPES,"43 AV AMBROISE CROIZAT, 38600 FONTAINE",38600,45.1927669,5.6832976,agences-isere-38
SG AUVERGNE RHÔNE ALPES,"432 AV BIBLIOTHEQUE, 38610 GIERES",38610,45.1827802,5.796851,agences-isere-38
SG AUVERGNE RHÔNE ALPES,"10 R ABBE GREGOIRE, 38000 GRENOBLE",38000,45.182816,5.710875,agences-isere-38
SG AUVERGNE RHÔNE ALPES,"18 BD MARECHAL FOCH, 38000 GRENOBLE",38000,45.1814707,5.7249782,agences-isere-38
SG AUVERGNE RHÔNE ALPES,"6 PL DOCTEUR GIRARD, 38000 GRENOBLE",38000,45.1970415,5.7213071,agences-isere-38
SG AUVERGNE RHÔNE ALPES,"1 RUE JEAN PREVOST, 38000 GRENOBLE",38000,45.1830163,5.7169943,agences-isere-38
SG AUVERGNE RHÔNE ALPES,"4 BD JOSEPH VALLIER, 38000 GRENOBLE",38000,45.1806012,5.7157846,agences-isere-38
SG AUVERGNE RHÔNE ALPES,"15 CHE JOSEPH BRUN, 38100 GRENOBLE",38100,45.1873199,5.7453855,agences-isere-38
SG AUVERGNE RHÔNE ALPES,"1 B PL VAUCANSON, 38000 GRENOBLE",38000,45.1886571,5.7291511,agences-isere-38
SG AUVERGNE RHÔNE ALPES,"4 PL VICTOR HUGO, 38000 GRENOBLE",38000,45.1894739,5.7240302,agences-isere-38
SG AUVERGNE RHÔNE ALPES,"25 PL JEAN MOULIN, 38750 HUEZ",38750,45.0929571,6.0683306,agences-isere-38
SG AUVERGNE RHÔNE ALPES,"27 RUE DE LA REPUBLIQUE, 38110 LA TOUR DU PIN",38110,45.548612,5.534258,agences-isere-38
SG AUVERGNE RHÔNE ALPES,"248 AV LESDIGUIERES, 38290 LA VERPILLIERE",38290,45.6331448,5.1471526,agences-isere-38
SG AUVERGNE RHÔNE ALPES,"776-778, GRANDE RUE, 38660 LE TOUVET",38660,45.3636139,5.9540641,agences-isere-38
SG AUVERGNE RHÔNE ALPES,"94 AV DE LA MUZELLE, 38860 LES DEUX ALPES",38860,45.0087929,6.1225372,agences-isere-38
SG AUVERGNE RHÔNE ALPES,"16 AV DE VERDUN, 38240 MEYLAN",38240,45.2012731,5.7591371,agences-isere-38
SG AUVERGNE RHÔNE ALPES,"PL CHARLES GAUTHIER, 38430 MOIRANS",38430,45.3266641,5.5645159,agences-isere-38
SG AUVERGNE RHÔNE ALPES,"18 CRS SAINT ANDRE, 38800 LE PONT DE CLAIX",38800,45.1256592,5.6983675,agences-isere-38
SG AUVERGNE RHÔNE ALPES,"159 RUE DES ECOLES, 38530 PONTCHARRA",38530,45.4314651,6.0231794,agences-isere-38
SG AUVERGNE RHÔNE ALPES,"89 AV GABRIEL PERI, 38150 ROUSSILLON",38150,45.3630355,4.8008271,agences-isere-38
SG AUVERGNE RHÔNE ALPES,"10 PL DU GRESIVAUDAN, 38330 ST ISMIER",38330,45.246053,5.8318149,agences-isere-38
SG AUVERGNE RHÔNE ALPES,"PONT-DE-VENCE, 38120 ST EGREVE",38120,45.2294459,5.6830123,agences-isere-38
SG AUVERGNE RHÔNE ALPES,"6 B PL DE LA LIBERATION, 38360 SASSENAGE",38360,45.2066633,5.6629403,agences-isere-38
SG AUVERGNE RHÔNE ALPES,"37 BD DES FRERES DESAIRE, 38170 SEYSSINET PARISET",38170,45.18046,5.6933196,agences-isere-38
SG AUVERGNE RHÔNE ALPES,"23 AV DE LA GRANDE CHARTREUSE, 38380 ST LAURENT DU PONT",38380,45.3863802,5.7359195,agences-isere-38
SG AUVERGNE RHÔNE ALPES,"32 GRANDE RUE, 38160 ST MARCELLIN",38160,45.1535782,5.3211316,agences-isere-38
SG AUVERGNE RHÔNE ALPES,"94 AV GABRIEL PERI, 38400 ST MARTIN D HERES",38400,45.1852598,5.7623596,agences-isere-38
SG AUVERGNE RHÔNE ALPES,"17 R DU GEN DE GAULLE, 38210 TULLINS",38210,45.264735,5.5019298,agences-isere-38
SG AUVERGNE RHÔNE ALPES,"1 RUE JEAN JAURES, 38760 VARCES ALLIERES ET RISSET",38760,45.0868355,5.6828607,agences-isere-38
SG AUVERGNE RHÔNE ALPES,"1 RUE PEYRON, 38200 VIENNE",38200,45.5238204,4.875399,agences-isere-38
SG AUVERGNE RHÔNE ALPES,"40 AV BERTHELOT, 38200 VIENNE",38200,45.537873,4.872361,agences-isere-38
SG AUVERGNE RHÔNE ALPES,"3 PL MCHAL DE LATTRE DE TASSI, 38500 VOIRON",38500,45.3682048,5.5806885,agences-isere-38
SG AUVERGNE RHÔNE ALPES,"25 GRANDE RUE, 38340 VOREPPE",38340,45.297485,5.6370542,agences-isere-38
SG GRAND EST,"33 AV DE LA REPUBLIQUE, 39300 CHAMPAGNOLE",39300,46.7444083,5.909691,agences-jura-39
SG GRAND EST,"2 PL JULES GREVY, 39100 DOLE",39100,47.0950658,5.4970446,agences-jura-39
SG GRAND EST,"20 PL DE LA LIBERTE, 39000 LONS LE SAUNIER",39000,46.6743251,5.5518667,agences-jura-39
SG GRAND EST,"4 BD DE LA REPUBLIQUE, 39200 ST CLAUDE",39200,46.3908921,5.8634367,agences-jura-39
SG SUD OUEST,"340 AV DU 14 JUILLET, 40600 BISCARROSSE",40600,44.3969447,-1.1663225,agences-landes-40
SG SUD OUEST,"37 RUE DU GAL DE GAULLE, 40130 CAPBRETON",40130,43.6313225,-1.4277606,agences-landes-40
SG SUD OUEST,"13 CRS DE VERDUN, 40100 DAX",40100,43.7109396,-1.054115,agences-landes-40
SG SUD OUEST,"437 AV DU TOURING CLUB, 40150 SOORTS HOSSEGOR",40150,43.658268,-1.4287445,agences-landes-40
SG SUD OUEST,"4 PL CHARLES DE GAULLE, 40000 MONT DE MARSAN",40000,43.8920091,-0.5021216,agences-landes-40
SG SUD OUEST,"60 PL ARISTIDE BRIAND, 40300 PEYREHORADE",40300,43.5451694,-1.10324,agences-landes-40
SG SUD OUEST,"376 AV LA RESISTANCE, 40990 ST PAUL LES DAX",40990,43.7244696,-1.0559367,agences-landes-40
SG SUD OUEST,"36 RUE LAFAYETTE, 40500 ST SEVER",40500,43.7601733,-0.5745261,agences-landes-40
SG SUD OUEST,"27 RUE EMILE NOUGARO, 40140 SOUSTONS",40140,43.7544917,-1.3276696,agences-landes-40
SG SUD OUEST,"600 AV DE SAINT SEVER, 40280 ST PIERRE DU MONT",40280,43.8775905,-0.5059023,agences-landes-40
SG SUD OUEST,"6 AV NATIONALE, 40230 ST VINCENT DE TYROSSE",40230,43.6608916,-1.3028597,agences-landes-40
SG SUD OUEST,"3 RUE LISE ET ARTUR LONDON, 40220 TARNOS",40220,43.536887,-1.4605323,agences-landes-40
SG TARNEAUD,"4 PL DE LA RESISTANCE, 41000 BLOIS",41000,47.586104,1.3359912,agences-loir-et-cher-41
SG TARNEAUD,"5-7 AV 5-7 AV ROBERT SCHUMANN, 41000 BLOIS",41000,47.6163069,1.316726,agences-loir-et-cher-41
SG TARNEAUD,"5 RTE DE TOURS, 41400 MONTRICHARD VAL DE CHER",41400,47.3456932,1.2242693,agences-loir-et-cher-41
SG TARNEAUD,"52 RUE G.CLEMENCEAU, 41200 ROMORANTIN LANTHENAY",41200,47.3906239,1.7905243,agences-loir-et-cher-41
SG TARNEAUD,"1 RUE DU COMMERCE, 41300 SALBRIS",41300,47.4263015,2.0529826,agences-loir-et-cher-41
SG TARNEAUD,"15 QU J-J DELORME, 41110 ST AIGNAN",41110,47.2619262,1.3325374,agences-loir-et-cher-41
SG TARNEAUD,"12 PL SAINT MARTIN, 41100 VENDOME",41100,47.791819,1.066914,agences-loir-et-cher-41
SG AUVERGNE RHÔNE ALPES,"1 B RPT AUGUSTE COLONNA, 42160 ANDREZIEUX BOUTHEON",42160,45.5301287,4.280536,agences-loire-42
SG AUVERGNE RHÔNE ALPES,"3 RUE GAMBETTA, 42500 LE CHAMBON FEUGEROLLES",42500,45.3963297,4.3258672,agences-loire-42
SG AUVERGNE RHÔNE ALPES,"1 BD ETIENNE PERONNET, 42140 CHAZELLES SUR LYON",42140,45.637135,4.3919346,agences-loire-42
SG AUVERGNE RHÔNE ALPES,"13 B R DE LA REPUBLIQUE, 42110 FEURS",42110,45.7436982,4.2245059,agences-loire-42
SG AUVERGNE RHÔNE ALPES,"14 RUE DE L INDUSTRIE, 42700 FIRMINY",42700,45.3894783,4.2876145,agences-loire-42
SG AUVERGNE RHÔNE ALPES,"1 R DU 11 NOVEMBRE, 42580 L ETRAT",42580,45.4856684,4.3794599,agences-loire-42
SG AUVERGNE RHÔNE ALPES,"02 RUE JEAN BROSSY, 42350 LA TALAUDIERE",42350,45.4771576,4.4289065,agences-loire-42
SG AUVERGNE RHÔNE ALPES,"5 RUE TUPINERIE, 42600 MONTBRISON",42600,45.6067211,4.0633573,agences-loire-42
SG AUVERGNE RHÔNE ALPES,"53 RUE DU RIVAL, 42210 MONTROND LES BAINS",42210,45.6436078,4.2339861,agences-loire-42
SG AUVERGNE RHÔNE ALPES,"2 RUE JULES GUESDE, 42800 RIVE DE GIER",42800,45.5290368,4.6159268,agences-loire-42
SG AUVERGNE RHÔNE ALPES,"33 PL DES PROMENADES, 42300 ROANNE",42300,46.0353782,4.0657039,agences-loire-42
SG AUVERGNE RHÔNE ALPES,"9 RUE DE LA REPUBLIQUE, 42230 ROCHE LA MOLIERE",42230,45.4348564,4.322668,agences-loire-42
SG AUVERGNE RHÔNE ALPES,"10 PL DORIAN, 42400 ST CHAMOND",42400,45.4755393,4.5088149,agences-loire-42
SG AUVERGNE RHÔNE ALPES,"61 RUE DRS CHARCOT, 42100 ST ETIENNE",42100,45.4094272,4.428537,agences-loire-42
SG AUVERGNE RHÔNE ALPES,"110 CRS FAURIEL, 42100 ST ETIENNE",42100,45.4263909,4.4041771,agences-loire-42
SG AUVERGNE RHÔNE ALPES,"6 PL HOTEL-DE-VILLE, 42000 ST ETIENNE",42000,45.438987,4.3865015,agences-loire-42
SG AUVERGNE RHÔNE ALPES,"CTRE CIAL DE MONTHIEU, 42100 ST ETIENNE",42100,45.4094272,4.428537,agences-loire-42
SG AUVERGNE RHÔNE ALPES,"PL MASSENET, 42000 ST ETIENNE",42000,45.4667182,4.3786468,agences-loire-42
SG AUVERGNE RHÔNE ALPES,"5 7 RUE GONYN, 42170 ST JUST ST RAMBERT",42170,45.4995473,4.2421321,agences-loire-42
SG AUVERGNE RHÔNE ALPES,"19 RUE FRANCOIS PAROT, 42610 ST ROMAIN LE PUY",42610,45.5548397,4.1223824,agences-loire-42
SG AUVERGNE RHÔNE ALPES,"21 AV JEAN-MONNET, 42330 ST GALMIER",42330,45.5877691,4.3137216,agences-loire-42
SG AUVERGNE RHÔNE ALPES,"PL ARISTIDE BRIAND, 42340 VEAUCHE",42340,45.568509,4.2951822,agences-loire-42
SG GRAND OUEST,"68 PL FOCH, 44150 ANCENIS ST GEREON",44150,47.3654347,-1.1766748,agences-loire-atlantique-44
SG GRAND OUEST,"1 R FRANCOIS RENE CHATEAUBRIAND, 44470 CARQUEFOU",44470,47.2973925,-1.4920217,agences-loire-atlantique-44
SG GRAND OUEST,"39 RUE ARISTIDE BRIAND, 44110 CHATEAUBRIANT",44110,47.7183353,-1.3761996,agences-loire-atlantique-44
SG GRAND OUEST,"15 PLACE SAINT JACQUES, 44190 CLISSON",44190,47.0880117,-1.2829267,agences-loire-atlantique-44
SG GRAND OUEST,"1 FBG SAINTE ANNE, 44350 GUERANDE",44350,47.3488105,-2.428284,agences-loire-atlantique-44
SG GRAND OUEST,"7 AV G. CLEMENCEAU, 44500 LA BAULE",44500,47.2924596,-2.3461644,agences-loire-atlantique-44
SG GRAND OUEST,"265 AV DU MARECHAL DE LATTRE DE TAS, 44500 LA BAULE",44500,47.2924596,-2.3461644,agences-loire-atlantique-44
SG GRAND OUEST,"38 RUE O DE SESMAISONS, 44240 LA CHAPELLE SUR ERDRE",44240,47.3223368,-1.5571103,agences-loire-atlantique-44
SG GRAND OUEST,"8 PL ROYALE, 44000 NANTES",44000,47.2141947,-1.5588264,agences-loire-atlantique-44
SG GRAND OUEST,"CTRE CIAL BEAULIEU, 44000 NANTES",44000,47.2231248,-1.5532762,agences-loire-atlantique-44
SG GRAND OUEST,"4 RUE DU GAL LECLERC HAUTECLOCQUE, 44000 NANTES",44000,47.2231248,-1.5532762,agences-loire-atlantique-44
SG GRAND OUEST,"1 RUE CAMILLE BERRUYER, 44000 NANTES",44000,47.2153927,-1.5637641,agences-loire-atlantique-44
SG GRAND OUEST,"7 PL GABRIEL TRARIEUX, 44300 NANTES",44300,47.2259607,-1.5231002,agences-loire-atlantique-44
SG GRAND OUEST,"34 AV DU CHAMP DE TIR, 44300 NANTES",44300,47.2463812,-1.5387773,agences-loire-atlantique-44
SG GRAND OUEST,"29 BD DES ANGLAIS, 44100 NANTES",44100,47.2290395,-1.5746681,agences-loire-atlantique-44
SG GRAND OUEST,"82 RTE DE VANNES, 44100 NANTES",44100,47.2355621,-1.5832053,agences-loire-atlantique-44
SG GRAND OUEST,"28 RUE PORTE NEUVE, 44000 NANTES",44000,47.2200103,-1.5616301,agences-loire-atlantique-44
SG GRAND OUEST,"125 BD DE L EGALITE, 44100 NANTES",44100,47.2134111,-1.5861884,agences-loire-atlantique-44
SG GRAND OUEST,"1 AV DE LA CORNICHE, 44700 ORVAULT",44700,47.2744862,-1.6250437,agences-loire-atlantique-44
SG GRAND OUEST,"1 RUE DU CHAUDRON, 44210 PORNIC",44210,47.1121723,-2.0753378,agences-loire-atlantique-44
SG GRAND OUEST,"34 RUE DU GENERAL DE GAULLE, 44380 PORNICHET",44380,47.2598129,-2.3170028,agences-loire-atlantique-44
SG GRAND OUEST,"77 RUE JEAN JAURES, 44400 REZE",44400,47.1862948,-1.546477,agences-loire-atlantique-44
SG GRAND OUEST,"10 B RUE A CHASSAGNE, 44250 ST BREVIN LES PINS",44250,47.234976,-2.1563007,agences-loire-atlantique-44
SG GRAND OUEST,"CTRE CIAL ATLANTIS, 44800 ST HERBLAIN",44800,47.224604,-1.6371644,agences-loire-atlantique-44
SG GRAND OUEST,"44 RUE DU GENERAL DE GAULLE, 44600 ST NAZAIRE",44600,47.2893077,-2.0292018,agences-loire-atlantique-44
SG GRAND OUEST,"8 RUE MAURICE DANIEL, 44230 ST SEBASTIEN SUR LOIRE",44230,47.2069764,-1.5048626,agences-loire-atlantique-44
SG GRAND OUEST,"2 AV DE BRETAGNE, 44980 STE LUCE SUR LOIRE",44980,47.2507369,-1.4831323,agences-loire-atlantique-44
SG GRAND OUEST,"18 RUE DE BRETAGNE, 44880 SAUTRON",44880,47.2614028,-1.6655384,agences-loire-atlantique-44
SG GRAND OUEST,"5 PLACE DE L'HOTEL DE VILLE, 44260 SAVENAY",44260,47.3588997,-1.9436731,agences-loire-atlantique-44
SG GRAND OUEST,"11 RUE DU 8 MAI 1945, 44120 VERTOU",44120,47.1718814,-1.4735125,agences-loire-atlantique-44
SG TARNEAUD,"504 RUE ST FIRMIN DES VIGNES, 45200 AMILLY",45200,47.97711,2.7375279,agences-loiret-45
SG TARNEAUD,"9 11 PL DU MARTROI, 45190 BEAUGENCY",45190,47.7772347,1.6301161,agences-loiret-45
SG TARNEAUD,"6 PL DE LA REPUBLIQUE, 45250 BRIARE",45250,47.6384564,2.7380587,agences-loiret-45
SG TARNEAUD,"59 GRANDE RUE, 45110 CHATEAUNEUF SUR LOIRE",45110,47.8633607,2.2226908,agences-loiret-45
SG TARNEAUD,"6 BD DE LA REPUBLIQUE, 45230 CHATILLON COLIGNY",45230,47.82345,2.8450782,agences-loiret-45
SG TARNEAUD,"BELLES RIVES, 45430 CHECY",45430,47.9055909,2.0352319,agences-loiret-45
SG TARNEAUD,"35 PL ARMAND CHESNEAU, 45320 COURTENAY",45320,48.0402912,3.0573249,agences-loiret-45
SG TARNEAUD,"6 RUE ANDRE DESSAUX, 45400 FLEURY LES AUBRAIS",45400,47.9225612,1.901947,agences-loiret-45
SG TARNEAUD,"2 RUE DE TLEMCEN, 45500 GIEN",45500,47.6840304,2.6332536,agences-loiret-45
SG TARNEAUD,"15 PL DU MARTROI, 45260 LORRIS",45260,47.889549,2.5143862,agences-loiret-45
SG TARNEAUD,"2 RUE DE VAUBLANC, 45200 MONTARGIS",45200,47.9991389,2.7332884,agences-loiret-45
SG TARNEAUD,"519 RUE MARCEL BELOT, 45160 OLIVET",45160,47.8630054,1.9006264,agences-loiret-45
SG TARNEAUD,"7 PL DE L'INDIEN, 45100 ORLEANS",45100,47.8394244,1.935051,agences-loiret-45
SG TARNEAUD,"12 RUE REPUBLIQUE, 45000 ORLEANS",45000,47.9035069,1.9042869,agences-loiret-45
SG TARNEAUD,"16 RUE DE LA MADELEINE, 45140 ST JEAN DE LA RUELLE",45140,47.8990453,1.8753954,agences-loiret-45
SG TARNEAUD,"2 QU FORT TOURELLES, 45100 ORLEANS",45100,47.8546561,1.9333468,agences-loiret-45
SG TARNEAUD,"2 AV DE LA REPUBLIQUE, 45300 PITHIVIERS",45300,48.1722655,2.2525351,agences-loiret-45
SG TARNEAUD,"401 RUE DE LA FONTAINE, 45770 SARAN",45770,47.9512553,1.8772099,agences-loiret-45
SG TARNEAUD,"1 RUE DES ECOLES, 45600 SULLY SUR LOIRE",45600,47.7658756,2.3739929,agences-loiret-45
SG COURTOIS,"85 BD GAMBETTA, 46000 CAHORS",46000,44.4459484,1.4414621,agences-lot-46
SG COURTOIS,"31 RUE GAMBETTA, 46100 FIGEAC",46100,44.6077577,2.0337158,agences-lot-46
SG TARNEAUD,"24 BD LOUIS JEAN MALVY, 46200 SOUILLAC",46200,44.8943023,1.4794673,agences-lot-46
SG SUD OUEST,"729 AV DU MAL LECLERC, 47000 AGEN",47000,44.1131424,0.8932191,agences-lot-et-garonne-47
SG SUD OUEST,"11 PL PRESIDENT WILSON, 47000 AGEN",47000,44.2009452,0.6244713,agences-lot-et-garonne-47
SG SUD OUEST,"2 RUE DE L'EGLISE, 47500 FUMEL",47500,44.4975014,0.9679058,agences-lot-et-garonne-47
SG SUD OUEST,"117 AV JEAN JAURES, 47200 MARMANDE",47200,44.5048243,0.1496041,agences-lot-et-garonne-47
SG SUD OUEST,"16 BD GEORGES LEYGUES, 47300 VILLENEUVE SUR LOT",47300,44.4085814,0.7064049,agences-lot-et-garonne-47
SG COURTOIS,"24 B BD DE CHAMBRUN, 48100 MARVEJOLS",48100,44.5519771,3.292317,agences-lozere-48
SG COURTOIS,"2 ALLEE DE PIENCOURT, 48000 MENDE",48000,44.5205301,3.4832834,agences-lozere-48
SG COURTOIS,"2 AV DE LA GARE, 48200 ST CHELY D APCHER",48200,44.8002219,3.2735257,agences-lozere-48
SG GRAND OUEST,"15 RUE D ALSACE, 49100 ANGERS",49100,47.4701584,-0.5500695,agences-maine-et-loire-49
SG GRAND OUEST,"2 PL DOCTEUR BICHON, 49100 ANGERS",49100,47.4772638,-0.5529126,agences-maine-et-loire-49
SG GRAND OUEST,"81 BD SAINT MICHEL, 49100 ANGERS",49100,47.4734955,-0.5415666,agences-maine-et-loire-49
SG GRAND OUEST,"2 PL DES JUSTICES, 49000 ANGERS",49000,47.4532694,-0.5263543,agences-maine-et-loire-49
SG GRAND OUEST,"16 PL LA FAYETTE, 49000 ANGERS",49000,47.5239819,-0.514876,agences-maine-et-loire-49
SG GRAND OUEST,"163 AV PIERRE MENDES FRANCE, 49240 AVRILLE",49240,47.507685,-0.590498,agences-maine-et-loire-49
SG GRAND OUEST,"182 RUE NATIONALE, 49120 CHEMILLE EN ANJOU",49120,47.2086139,-0.7295772,agences-maine-et-loire-49
SG GRAND OUEST,"59 RUE DU COMMERCE, 49300 CHOLET",49300,47.0615428,-0.8817886,agences-maine-et-loire-49
SG TARNEAUD,"15 RUE FOULLON, 49700 DOUE EN ANJOU",49700,47.1932982,-0.2762807,agences-maine-et-loire-49
SG TARNEAUD,"51 RUE DACIER, 49400 SAUMUR",49400,47.2586825,-0.0759315,agences-maine-et-loire-49
SG GRAND OUEST,"2 RUE PASTEUR, 49500 SEGRE EN ANJOU BLEU",49500,47.6849389,-0.8710185,agences-maine-et-loire-49
SG GRAND OUEST,"1 RUE DU GENERAL DE GAULLE, 50300 AVRANCHES",50300,48.6864949,-1.3635344,agences-manche-50
SG GRAND OUEST,"28 RUE DU CHATEAU, 50500 CARENTAN LES MARAIS",50500,49.304264,-1.2431614,agences-manche-50
SG GRAND OUEST,"37 T RUE ALBERT MAHIEU, 50100 CHERBOURG EN COTENTIN",50100,49.6389161,-1.6251872,agences-manche-50
SG GRAND OUEST,"18 RUE RENE FOUQUET, 50460 CHERBOURG EN COTENTIN",50460,49.664441,-1.6857208,agences-manche-50
SG GRAND OUEST,"10 RUE DANIEL, 50200 COUTANCES",50200,49.0475778,-1.446622,agences-manche-50
SG GRAND OUEST,"27 RUE PAUL POIRIER, 50400 GRANVILLE",50400,48.8374264,-1.5977673,agences-manche-50
SG GRAND OUEST,"29 PL DU GL DE GAULLE, 50250 LA HAYE",50250,49.3090243,-1.50789,agences-manche-50
SG GRAND OUEST,"65 RUE HAVIN, 50000 ST LO",50000,49.1146246,-1.0931232,agences-manche-50
SG GRAND OUEST,"35 PL DELAPORTE, 50600 ST HILAIRE DU HARCOUET",50600,48.5789805,-1.0917672,agences-manche-50
SG GRAND OUEST,"20 PL VICQ D'AZIR, 50700 VALOGNES",50700,49.5082271,-1.4690296,agences-manche-50
SG GRAND OUEST,"RUE DU PONT CHIGNON, 50800 VILLEDIEU POELES ROUFFIGNY",50800,48.8385726,-1.223876,agences-manche-50
SG GRAND EST,"45 RUE DE LA MARNE, 51000 CHALONS EN CHAMPAGNE",51000,48.9560634,4.359805,agences-marne-51
SG GRAND EST,"6 PL DU GEN DE GAULLE, 51350 CORMONTREUIL",51350,49.2164575,4.0511532,agences-marne-51
SG GRAND EST,"4 RUE EUGENE MERCIER, 51200 EPERNAY",51200,49.0430531,3.9562652,agences-marne-51
SG GRAND EST,"6 PL HUGUES PLOMB, 51200 EPERNAY",51200,49.043957,3.9540103,agences-marne-51
SG GRAND EST,"12 PL HOTEL-DE-VILLE, 51170 FISMES",51170,49.3074821,3.6796077,agences-marne-51
SG GRAND EST,"21 RUE DU DR PH.AMELIN, 51210 MONTMIRAIL",51210,48.888728,3.6208331,agences-marne-51
SG GRAND EST,"2 PL ROYALE, 51100 REIMS",51100,49.2551857,4.033699,agences-marne-51
SG GRAND EST,"1 PL JEAN MOULIN, 51100 REIMS",51100,49.2549837,4.0613518,agences-marne-51
SG GRAND EST,"145 RUE GAMBETTA, 51100 REIMS",51100,49.2465394,4.0393391,agences-marne-51
SG GRAND EST,"45 AV DE PARIS, 51100 REIMS",51100,49.2481973,4.0105023,agences-marne-51
SG GRAND EST,"13 PL LUTON, 51100 REIMS",51100,49.2698638,4.0254664,agences-marne-51
SG GRAND EST,"38 PL D'ARMES, 51300 VITRY LE FRANCOIS",51300,48.7260151,4.5861555,agences-marne-51
SG GRAND OUEST,"2 RUE GAMBETTA, 53200 CHATEAU GONTIER MAYENNE",53200,47.826334,-0.7076524,agences-mayenne-53
SG GRAND OUEST,"8 B RUE DE STRASBOURG, 53000 LAVAL",53000,48.0715288,-0.7721595,agences-mayenne-53
SG GRAND OUEST,"1 R SERGENT LOUVRIER, 53100 MAYENNE",53100,48.3039486,-0.6924881,agences-mayenne-53
SG GRAND EST,"11 RUE CRISTALLERIES, 54120 BACCARAT",54120,48.4485504,6.7417907,agences-meurthe-et-moselle-54
SG GRAND EST,"54 AV FOCH, 54270 ESSEY LES NANCY",54270,48.7050011,6.2222326,agences-meurthe-et-moselle-54
SG GRAND EST,"22 RUE DE METZ, 54390 FROUARD",54390,48.7594044,6.1336959,agences-meurthe-et-moselle-54
SG GRAND EST,"GAL MARCHANDE CARREFOUR, 54180 HOUDEMONT",54180,48.6453591,6.1860196,agences-meurthe-et-moselle-54
SG GRAND EST,"9 RUE GAMBETTA, 54800 JARNY",54800,49.1563742,5.883246,agences-meurthe-et-moselle-54
SG GRAND EST,"3 RUE MARGAINE, 54400 LONGWY",54400,49.524504,5.7634025,agences-meurthe-et-moselle-54
SG GRAND EST,"4 RUE CARNOT, 54300 LUNEVILLE",54300,48.5613739,6.4681755,agences-meurthe-et-moselle-54
SG GRAND EST,"44 RUE SAINT-DIZIER, 54000 NANCY",54000,48.6901904,6.182784,agences-meurthe-et-moselle-54
SG GRAND EST,"248 AV DE STRASBOURG, 54000 NANCY",54000,48.6771892,6.1988096,agences-meurthe-et-moselle-54
SG GRAND EST,"28 CRS LEOPOLD, 54000 NANCY",54000,48.6955713,6.1768044,agences-meurthe-et-moselle-54
SG GRAND EST,"1 RUE DE TURIQUE, 54000 NANCY",54000,48.6921006,6.1680559,agences-meurthe-et-moselle-54
SG GRAND EST,"28 RUE VICTOR HUGO, 54700 PONT A MOUSSON",54700,48.9022637,6.0527428,agences-meurthe-et-moselle-54
SG GRAND EST,"98 AV CARNOT, 54130 ST MAX",54130,48.7017309,6.2122769,agences-meurthe-et-moselle-54
SG GRAND EST,"1 RUE CHANZY, 54200 TOUL",54200,48.6736224,5.8875474,agences-meurthe-et-moselle-54
SG GRAND EST,"10 RUE LEON WINSBACH, 54150 VAL DE BRIEY",54150,49.246645,5.9348092,agences-meurthe-et-moselle-54
SG GRAND EST,"AV LECLERC C.C MONTET, 54500 VANDOEUVRE LES NANCY",54500,48.6600461,6.1737525,agences-meurthe-et-moselle-54
SG GRAND EST,"20 BD DE BAUDRICOURT, 54600 VILLERS LES NANCY",54600,48.6765709,6.1606855,agences-meurthe-et-moselle-54
SG GRAND EST,"8 PL JEANNE D'ARC, 54190 VILLERUPT",54190,49.4679504,5.9276596,agences-meurthe-et-moselle-54
SG GRAND EST,"25 BD DE LA ROCHELLE, 55000 BAR LE DUC",55000,48.7732997,5.1610281,agences-meuse-55
SG GRAND EST,"4 RUE BEAUREPAIRE, 55100 VERDUN",55100,49.1597129,5.3848626,agences-meuse-55
SG GRAND OUEST,"43 AV DE L'OCEAN, 56400 AURAY",56400,47.6640308,-3.0095608,agences-morbihan-56
SG GRAND OUEST,"37 R SAINT CYR, 56380 GUER",56380,47.9376634,-2.1315245,agences-morbihan-56
SG GRAND OUEST,"4 B RUE DU PUITS, 56520 GUIDEL",56520,47.7900316,-3.4887217,agences-morbihan-56
SG GRAND OUEST,"10 PL MARECHAL FOCH, 56700 HENNEBONT",56700,47.8056677,-3.2771254,agences-morbihan-56
SG GRAND OUEST,"160 RUE JEAN JAURES, 56600 LANESTER",56600,47.7691244,-3.3517165,agences-morbihan-56
SG GRAND OUEST,"1 RUE DES 4 FRERES LEROY QUERET, 56260 LARMOR PLAGE",56260,47.7160948,-3.3903189,agences-morbihan-56
SG GRAND OUEST,"10 RUE ASS.NATIONALE, 56100 LORIENT",56100,47.7504591,-3.3725057,agences-morbihan-56
SG GRAND OUEST,"PL FALQUERHO, 56270 PLOEMEUR",56270,47.7372592,-3.4285408,agences-morbihan-56
SG GRAND OUEST,"PL DU TRIBUNAL, 56800 PLOERMEL",56800,47.9336328,-2.3982163,agences-morbihan-56
SG GRAND OUEST,"29 RUE NATIONALE, 56300 PONTIVY",56300,48.0666129,-2.9653955,agences-morbihan-56
SG GRAND OUEST,"21 PL HOCHE, 56170 QUIBERON",56170,47.4807012,-3.1222343,agences-morbihan-56
SG GRAND OUEST,"49 R DU PERE COUDRIN, 56370 SARZEAU",56370,47.5217136,-2.7466595,agences-morbihan-56
SG GRAND OUEST,"15 RTE DE NANTES, 56860 SENE",56860,47.6500613,-2.7201333,agences-morbihan-56
SG GRAND OUEST,"25 RUE THIERS, 56000 VANNES",56000,47.6565435,-2.7598722,agences-morbihan-56
SG GRAND OUEST,"110 AV DE LA MARNE, 56000 VANNES",56000,47.6606548,-2.7879526,agences-morbihan-56
SG GRAND OUEST,"181 AV DU 04 AOUT, 56000 VANNES",56000,47.6577121,-2.7555088,agences-morbihan-56
SG GRAND EST,"4 PL FREDERIC RAU, 57360 AMNEVILLE LES THERMES",57360,,,agences-moselle-57
SG GRAND EST,"44 RUE MARECHAL FOCH, 57230 BITCHE",57230,49.0509865,7.4254968,agences-moselle-57
SG GRAND EST,"3 RUE DE LA REPUBLIQUE, 57320 BOUZONVILLE",57320,49.2914076,6.5342559,agences-moselle-57
SG GRAND EST,"117 GRANDE RUE, 57190 FLORANGE",57190,49.3283699,6.1298551,agences-moselle-57
SG GRAND EST,"107 RUE NATIONALE, 57600 FORBACH",57600,49.186006,6.898518,agences-moselle-57
SG GRAND EST,"45 RUE DE LA GARE, 57300 HAGONDANGE",57300,49.2522685,6.166159,agences-moselle-57
SG GRAND EST,"60 RUE DU MARECHAL FOCH, 57700 HAYANGE",57700,49.3296628,6.0630645,agences-moselle-57
SG GRAND EST,"28 RUE DE LA CROIX SAINT JOSEPH, 57155 MARLY",57155,49.0594745,6.1602921,agences-moselle-57
SG GRAND EST,"26 CHE SOUS LES VIGNES, 57050 METZ",57050,49.1302843,6.1452198,agences-moselle-57
SG GRAND EST,"43 RUE DE LA CHAPELLE, 57000 METZ",57000,49.100561,6.1727651,agences-moselle-57
SG GRAND EST,"44 AV DE NANCY, 57000 METZ",57000,49.1063405,6.1645032,agences-moselle-57
SG GRAND EST,"61- 63 RUE SERPENOISE, 57000 METZ",57000,49.1166965,6.1750176,agences-moselle-57
SG GRAND EST,"17 RUE DE LA MARNE, 57250 MOYEUVRE GRANDE",57250,49.252213,6.045279,agences-moselle-57
SG GRAND EST,"60 RUE HIRSCHAUER, 57500 ST AVOLD",57500,49.1036932,6.7058043,agences-moselle-57
SG GRAND EST,"13 GRANDE RUE, 57400 SARREBOURG",57400,48.800279,7.022175,agences-moselle-57
SG GRAND EST,"CHAUSSEE DE LOUVAIN, 57200 SARREGUEMINES",57200,49.1120995,7.069121,agences-moselle-57
SG GRAND EST,"11 B LA TANNERIE, 57070 ST JULIEN LES METZ",57070,49.126806,6.1960124,agences-moselle-57
SG GRAND EST,"25 B PL DE LA REPUBLIQUE, 57100 THIONVILLE",57100,49.355851,6.1645095,agences-moselle-57
SG GRAND EST,"67 AV DES NATIONS, 57970 YUTZ",57970,49.3590371,6.1911849,agences-moselle-57
SG TARNEAUD,"23 RUE DU MAL LECLERC, 58200 COSNE COURS SUR LOIRE",58200,47.4139251,2.9810657,agences-nievre-58
SG TARNEAUD,"24 RUE SAINT-MARTIN, 58000 NEVERS",58000,46.989144,3.1589064,agences-nievre-58
SG TARNEAUD,"53 BD DU PRE PLANTIN, 58000 NEVERS",58000,46.9877579,3.1239227,agences-nievre-58
SG CREDIT DU NORD,"30 PL DU GAL.DE GAULLE, 59280 ARMENTIERES",59280,50.6484382,2.8722778,agences-nord-59
SG CREDIT DU NORD,"1 RUE JULES GUESDE, 59950 AUBY",59950,50.413131,3.052416,agences-nord-59
SG CREDIT DU NORD,"ZAC AULNOY LEZ VALENCIENNES, 59300 AULNOY LEZ VALENCIENNES",59300,50.3246115,3.5146953,agences-nord-59
SG CREDIT DU NORD,"21 B RUE JEAN JAURES, 59620 AULNOYE AYMERIES",59620,50.1983493,3.8440607,agences-nord-59
SG CREDIT DU NORD,"34 PL DU GENERAL LECLERC, 59440 AVESNES SUR HELPE",59440,50.1216234,3.9322018,agences-nord-59
SG CREDIT DU NORD,"8 RUE D'OCCIDENT, 59270 BAILLEUL",59270,50.7385514,2.7324039,agences-nord-59
SG CREDIT DU NORD,"70 B PL DU GENERAL DE GAULLE, 59780 BAISIEUX",59780,50.6074717,3.254036,agences-nord-59
SG CREDIT DU NORD,"16 PL DU GENERAL DE GAULLE, 59570 BAVAY",59570,50.298398,3.7942791,agences-nord-59
SG CREDIT DU NORD,"15 PL DE LA REPUBLIQUE, 59380 BERGUES",59380,50.9682555,2.4333936,agences-nord-59
SG CREDIT DU NORD,"9 T RUE DU BOSQUIEL, 59910 BONDUES",59910,50.7030196,3.0929785,agences-nord-59
SG CREDIT DU NORD,"14 RUE D ALSACE LORRAINE, 59400 CAMBRAI",59400,50.1757577,3.2379679,agences-nord-59
SG CREDIT DU NORD,"18 PL DU GAL VANDAMME, 59670 CASSEL",59670,50.8140691,2.4447344,agences-nord-59
SG CREDIT DU NORD,"8 R DU MARECHAL LECLERC, 59540 CAUDRY",59540,50.1252592,3.4133306,agences-nord-59
SG CREDIT DU NORD,"6 8 PL GEN DE GAULLE, 59560 COMINES",59560,50.7608975,3.0096256,agences-nord-59
SG CREDIT DU NORD,"18 RUE NOTRE DAME, 59163 CONDE SUR L ESCAUT",59163,50.4502867,3.5926235,agences-nord-59
SG CREDIT DU NORD,"117 BD JEAN JAURES, 59210 COUDEKERQUE BRANCHE",59210,51.0194393,2.3806378,agences-nord-59
SG CREDIT DU NORD,"92 AV LE NOTRE, 59170 CROIX",59170,50.6711625,3.146623,agences-nord-59
SG CREDIT DU NORD,"2 PL DE LA REPUBLIQUE, 59170 CROIX",59170,50.6738942,3.1469205,agences-nord-59
SG CREDIT DU NORD,"76 RUE J B LEBAS, 59830 CYSOING",59830,50.572946,3.2149073,agences-nord-59
SG CREDIT DU NORD,"116 B RUE DE VILLARS, 59220 DENAIN",59220,50.3269871,3.4002134,agences-nord-59
SG CREDIT DU NORD,"48 RUE DE BELLAIN, 59500 DOUAI",59500,50.368399,3.082482,agences-nord-59
SG CREDIT DU NORD,"36 BD ALEXANDRE III, 59140 DUNKERQUE",59140,51.0337167,2.3760967,agences-nord-59
SG CREDIT DU NORD,"49 AV FAIDHERBE, 59240 DUNKERQUE",59240,51.0471187,2.3928591,agences-nord-59
SG CREDIT DU NORD,"1 RUE DU PDT KENNEDY, 59940 ESTAIRES",59940,50.6670752,2.6928574,agences-nord-59
SG CREDIT DU NORD,"3 RUE JEAN JAURES, 59610 FOURMIES",59610,50.0158323,4.0491695,agences-nord-59
SG CREDIT DU NORD,"11 RUE DE LA PAIX, 59760 GRANDE SYNTHE",59760,51.0138496,2.3035795,agences-nord-59
SG CREDIT DU NORD,"1 RUE PASTEUR, 59820 GRAVELINES",59820,50.9873556,2.125969,agences-nord-59
SG CREDIT DU NORD,"10 RUE MARTHE NOLLET, 59250 HALLUIN",59250,50.7819407,3.1227429,agences-nord-59
SG CREDIT DU NORD,"36 RUE SADI CARNOT, 59320 HAUBOURDIN",59320,50.6116218,2.9968171,agences-nord-59
SG CREDIT DU NORD,"32 PL CHARLES FREMAUX, 59320 HAUBOURDIN",59320,50.6107329,2.9828518,agences-nord-59
SG CREDIT DU NORD,"1 RUE NATIONALE, 59190 HAZEBROUCK",59190,50.7234946,2.5391243,agences-nord-59
SG CREDIT DU NORD,"348E RUE JULES GUESDE, 59510 HEM",59510,50.6616359,3.2001479,agences-nord-59
SG CREDIT DU NORD,"2 RUE DU GENERAL LECLERC, 59480 LA BASSEE",59480,50.5312807,2.8044113,agences-nord-59
SG CREDIT DU NORD,"213 AV DU GAL DE GAULLE, 59110 LA MADELEINE",59110,50.6540571,3.0677463,agences-nord-59
SG CREDIT DU NORD,"111 AV DE SAINT MAUR, 59110 LA MADELEINE",59110,50.6540571,3.0677463,agences-nord-59
SG CREDIT DU NORD,"2 RUE SCALFORT, 59167 LALLAING",59167,50.3902655,3.1674617,agences-nord-59
SG CREDIT DU NORD,"169 RUE DU BOURG, 59130 LAMBERSART",59130,50.651542,3.0282239,agences-nord-59
SG CREDIT DU NORD,"336/340 AV DE DUNKERQUE, 59130 LAMBERSART",59130,50.6354535,3.028831,agences-nord-59
SG CREDIT DU NORD,"13 PL CARNOT, 59390 LANNOY",59390,50.6673602,3.2112814,agences-nord-59
SG CREDIT DU NORD,"7 RUE 7 RUE GAMBETTA, 59360 LE CATEAU CAMBRESIS",59360,50.089571,3.5941537,agences-nord-59
SG CREDIT DU NORD,"1 RUE VICTOR HUGO, 59530 LE QUESNOY",59530,50.2497683,3.6442019,agences-nord-59
SG CREDIT DU NORD,"38 RUE FAIDHERBE, 59810 LESQUIN",59810,50.588156,3.1109346,agences-nord-59
SG CREDIT DU NORD,"3 BD MONTEBELLO, 59000 LILLE",59000,50.6258621,3.0410207,agences-nord-59
SG CREDIT DU NORD,"137 RUE PIERRE LEGRAND, 59800 LILLE",59800,50.6329712,3.0909697,agences-nord-59
SG CREDIT DU NORD,"22 RUE DU MOLINEL, 59800 LILLE",59800,50.6352586,3.0695399,agences-nord-59
SG CREDIT DU NORD,"2 RUE DE MARQUILLIES, 59000 LILLE",59000,50.6150595,3.0486877,agences-nord-59
SG CREDIT DU NORD,"28 PL RIHOUR, 59800 LILLE",59800,50.6359404,3.0625701,agences-nord-59
SG CREDIT DU NORD,"42 RUE ROYALE, 59800 LILLE",59800,50.6403933,3.0577484,agences-nord-59
SG CREDIT DU NORD,"323/325 RUE GAMBETTA, 59000 LILLE",59000,50.6552832,3.0737327,agences-nord-59
SG CREDIT DU NORD,"75 B BD VAUBAN, 59800 LILLE",59800,50.6354638,3.0496643,agences-nord-59
SG CREDIT DU NORD,"1 PL DE LA REPUBLIQUE, 59126 LINSELLES",59126,50.737889,3.078706,agences-nord-59
SG CREDIT DU NORD,"829 AV DE DUNKERQUE, 59160 LILLE",59160,50.6452146,2.9842293,agences-nord-59
SG CREDIT DU NORD,"147 RUE DU MARECHAL FOCH, 59120 LOOS",59120,50.6147556,3.0145997,agences-nord-59
SG CREDIT DU NORD,"1 AV DE LA MARNE, 59700 MARCQ EN BAROEUL",59700,50.6780793,3.112582,agences-nord-59
SG CREDIT DU NORD,"1 RUE LAZARE CARNOT, 59600 MAUBEUGE",59600,50.2777717,3.9724339,agences-nord-59
SG CREDIT DU NORD,"29 RUE REGIS CORSELLE, 59420 MOUVAUX",59420,50.7016194,3.1356642,agences-nord-59
SG CREDIT DU NORD,"4 PL GAMBETTA, 59310 ORCHIES",59310,50.4748102,3.2429813,agences-nord-59
SG CREDIT DU NORD,"16 RUE DE LA PREVOTE, 59840 PERENCHIES",59840,50.6767863,2.9649719,agences-nord-59
SG CREDIT DU NORD,"738 AV JEAN JAURES, 59790 RONCHIN",59790,50.6083711,3.0760263,agences-nord-59
SG CREDIT DU NORD,"BD D'HALLUIN, 59223 RONCQ",59223,50.7409269,3.132158,agences-nord-59
SG CREDIT DU NORD,"1-3 GRANDE RUE, 59100 ROUBAIX",59100,50.6952539,3.1954057,agences-nord-59
SG CREDIT DU NORD,"3 PL DU GAL DE GAULLE, 59184 SAINGHIN EN WEPPES",59184,50.5565385,2.8952422,agences-nord-59
SG CREDIT DU NORD,"199 RUE DE LA REPUBLIQUE, 59430 DUNKERQUE",59430,51.028516,2.3499725,agences-nord-59
SG CREDIT DU NORD,"12 PL STALINGRAD, 59113 SECLIN",59113,50.55249,3.030437,agences-nord-59
SG CREDIT DU NORD,"10 RUE DE SELLE, 59730 SOLESMES",59730,50.1848761,3.4960322,agences-nord-59
SG CREDIT DU NORD,"PLACE JEAN JAURES, 59490 SOMAIN",59490,50.3588035,3.2810195,agences-nord-59
SG CREDIT DU NORD,"17 GRAND PLACE, 59230 ST AMAND LES EAUX",59230,50.4490835,3.4278653,agences-nord-59
SG CREDIT DU NORD,"99 RUE DU GENERAL LECLERC, 59350 ST ANDRE LEZ LILLE",59350,50.6615902,3.0499842,agences-nord-59
SG CREDIT DU NORD,"1 RUE DE CASSEL, 59114 STEENVOORDE",59114,50.8092189,2.5803723,agences-nord-59
SG CREDIT DU NORD,"41 RUE DE ROUBAIX, 59242 TEMPLEUVE EN PEVELE",59242,50.5270136,3.1707487,agences-nord-59
SG CREDIT DU NORD,"15 RUE LEON BLUM, 59239 THUMERIES",59239,50.4776235,3.0555837,agences-nord-59
SG CREDIT DU NORD,"8 B GRAND PLACE, 59200 TOURCOING",59200,50.7227088,3.1592005,agences-nord-59
SG CREDIT DU NORD,"17 AV G CLEMENCEAU, 59300 VALENCIENNES",59300,50.3397383,3.4975691,agences-nord-59
SG CREDIT DU NORD,"51 BD DE VALMY, 59650 VILLENEUVE D ASCQ",59650,50.6159547,3.1322122,agences-nord-59
SG CREDIT DU NORD,"17 PL DE LA REPUBLIQUE, 59650 VILLENEUVE-D'ASCQ",59650,50.6264057,3.1490346,agences-nord-59
SG CREDIT DU NORD,"19 AV DU MARECHAL FOCH, 59142 VILLERS OUTREAUX",59142,50.0298875,3.2981891,agences-nord-59
SG CREDIT DU NORD,"17 PL DU GAL DE GAULLE, 59118 WAMBRECHIES",59118,50.6984676,3.0484132,agences-nord-59
SG CREDIT DU NORD,"1 RUE DU MAL J DE L DE TASSIGNY, 59290 WASQUEHAL",59290,50.6726853,3.1254397,agences-nord-59
SG CREDIT DU NORD,"5/7 RUE DES ALLIES, 59143 WATTEN",59143,50.8325413,2.212044,agences-nord-59
SG CREDIT DU NORD,"159 RUE CLEMENCEAU, 59139 WATTIGNIES",59139,50.593753,3.051366,agences-nord-59
SG CREDIT DU NORD,"15 PL DELVAINQUIERE, 59150 WATTRELOS",59150,50.7011464,3.2152606,agences-nord-59
SG CREDIT DU NORD,"15 RUE GAMBETTA, 60000 BEAUVAIS",60000,49.4329661,2.0845512,agences-oise-60
SG CREDIT DU NORD,"117 B RUE DE CALAIS, 60000 BEAUVAIS",60000,49.4361021,2.0854892,agences-oise-60
SG CREDIT DU NORD,"23 RUE DE LA MARE DU FOUR, 60510 BRESLES",60510,49.4096822,2.2529606,agences-oise-60
SG CREDIT DU NORD,"2 RUE AURELIEN CRONNIER, 60230 CHAMBLY",60230,49.166062,2.2457971,agences-oise-60
SG CREDIT DU NORD,"1 AV MARECHAL JOFFRE, 60500 CHANTILLY",60500,49.1931091,2.4653214,agences-oise-60
SG CREDIT DU NORD,"15 PL DE L'HOTEL DE VILLE, 60600 CLERMONT",60600,49.3785355,2.4159071,agences-oise-60
SG CREDIT DU NORD,"2 RUE MAGENTA, 60200 COMPIEGNE",60200,49.4169498,2.8263512,agences-oise-60
SG CREDIT DU NORD,"16 RUE VICTOR HUGO, 60280 MARGNY LES COMPIEGNE",60280,49.4235992,2.8203437,agences-oise-60
SG CREDIT DU NORD,"4 AV ANTOINE CHANUT, 60100 CREIL",60100,49.2627962,2.4728861,agences-oise-60
SG CREDIT DU NORD,"45 RUE CHARLES DE GAULLE, 60800 CREPY EN VALOIS",60800,49.2325156,2.8866124,agences-oise-60
SG CREDIT DU NORD,"17 RUE DE SOISSONS, 60350 CUISE LA MOTTE",60350,49.4030183,3.0092249,agences-oise-60
SG CREDIT DU NORD,"12 PL CH DE GAULLE, 60190 ESTREES ST DENIS",60190,,,agences-oise-60
SG CREDIT DU NORD,"2 RUE CORBIER THIEBAUT, 60270 GOUVIEUX",60270,49.1886079,2.4159326,agences-oise-60
SG CREDIT DU NORD,"11 RUE FREDERIC PETIT, 60210 GRANDVILLIERS",60210,49.6651554,1.9389072,agences-oise-60
SG CREDIT DU NORD,"64 RUE CARNOT, 60610 LACROIX ST OUEN",60610,49.3548874,2.7851926,agences-oise-60
SG CREDIT DU NORD,"178 AV CH. DE GAULLE, 60260 LAMORLAYE",60260,49.1601639,2.4132433,agences-oise-60
SG CREDIT DU NORD,"RTE DE PARIS, 60330 LE PLESSIS BELLEVILLE",60330,49.0965501,2.7498387,agences-oise-60
SG CREDIT DU NORD,"3 RUE VICTOR HUGO, 60140 LIANCOURT",60140,49.329318,2.4641354,agences-oise-60
SG CREDIT DU NORD,"20 PL DE L'HOTEL DE VILLE, 60110 MERU",60110,49.2363605,2.1348738,agences-oise-60
SG CREDIT DU NORD,"12 PL AUGUSTE GENIE, 60160 MONTATAIRE",60160,49.2560357,2.4338875,agences-oise-60
SG CREDIT DU NORD,"17 RUE CAYEUX, 60250 MOUY",60250,49.3171125,2.3205173,agences-oise-60
SG CREDIT DU NORD,"4 RUE DE GRECE, 60400 NOYON",60400,49.5801874,3.0031854,agences-oise-60
SG CREDIT DU NORD,"34 RUE CHARLES LESCOT, 60700 PONT STE MAXENCE",60700,49.3011494,2.6055914,agences-oise-60
SG CREDIT DU NORD,"107 RUE DE LA REPUBLIQUE, 60300 SENLIS",60300,49.2062505,2.5891029,agences-oise-60
SG CREDIT DU NORD,"2 RUE D'AMIENS, 60130 ST JUST EN CHAUSSEE",60130,49.5068727,2.4333901,agences-oise-60
SG CREDIT DU NORD,"PL DE LA REPUBLIQUE, 60150 THOUROTTE",60150,49.4785562,2.878619,agences-oise-60
SG CREDIT DU NORD,"19 RUE DE LA REPUBLIQUE, 60410 VERBERIE",60410,49.3088123,2.7285578,agences-oise-60
SG GRAND OUEST,"17 RUE SAINT-BLAISE, 61000 ALENCON",61000,48.4316236,0.0901551,agences-orne-61
SG GRAND OUEST,"9 11 PL HENRI IV, 61200 ARGENTAN",61200,48.7441968,-0.0209083,agences-orne-61
SG GRAND OUEST,"1 RUE DE LA BOULE, 61100 FLERS",61100,48.7490435,-0.5692205,agences-orne-61
SG GRAND OUEST,"1 PL DE L'EUROPE, 61300 L AIGLE",61300,48.7641669,0.6248923,agences-orne-61
SG GRAND OUEST,"11 QU DES AUGUSTINES, 61120 VIMOUTIERS",61120,48.9287559,0.1985346,agences-orne-61
SG SOCIETE GENERALE,"29 BD HAUSSMANN, 75009 PARIS",75009,48.8729499,2.3322343,agences-paris-75
SG SOCIETE GENERALE,"17 RUE SARRETTE, 75014 PARIS",75014,48.8268536,2.3307499,agences-paris-75
SG SOCIETE GENERALE,"144 BD DE CHARONNE, 75020 PARIS",75020,48.8562177,2.3950327,agences-paris-75
SG SOCIETE GENERALE,"8 AV PRESIDENT WILSON, 75116 PARIS",75116,48.8652263,2.2993316,agences-paris-75
SG SOCIETE GENERALE,"28 RUE D'ASSAS, 75006 PARIS",75006,48.8480927,2.3292667,agences-paris-75
SG SOCIETE GENERALE,"118 RUE LA FONTAINE, 75016 PARIS",75016,48.9010445,2.3269925,agences-paris-75
SG SOCIETE GENERALE,"8 RUE DU BAC, 75007 PARIS",75007,48.8587204,2.328609,agences-paris-75
SG SOCIETE GENERALE,"5 RUE SAINT-ANTOINE, 75004 PARIS",75004,48.8532865,2.3674222,agences-paris-75
SG SOCIETE GENERALE,"68 RUE LEGENDRE, 75017 PARIS",75017,48.8860901,2.3176639,agences-paris-75
SG SOCIETE GENERALE,"17 AV SAINT MANDE, 75012 PARIS",75012,48.8442913,2.410395,agences-paris-75
SG SOCIETE GENERALE,"3 RUE REBEVAL, 75019 PARIS",75019,48.8743117,2.3760048,agences-paris-75
SG SOCIETE GENERALE,"27 BD DE GRENELLE, 75015 PARIS",75015,48.8529482,2.2906551,agences-paris-75
SG SOCIETE GENERALE,"9 BD DES ITALIENS, 75002 PARIS",75002,48.8715435,2.3384606,agences-paris-75
SG SOCIETE GENERALE,"64 RUE BONAPARTE, 75006 PARIS",75006,48.8520907,2.3329538,agences-paris-75
SG SOCIETE GENERALE,"1 RUE DE MOUZAIA, 75019 PARIS",75019,48.8801648,2.3907475,agences-paris-75
SG SOCIETE GENERALE,"17 RUE BOULAINVILLIERS, 75016 PARIS",75016,48.8531676,2.2756939,agences-paris-75
SG SOCIETE GENERALE,"134 RUE REAUMUR, 75002 PARIS",75002,48.8665506,2.3510076,agences-paris-75
SG SOCIETE GENERALE,"78 AV DE BRETEUIL, 75015 PARIS",75015,48.8467737,2.311085,agences-paris-75
SG SOCIETE GENERALE,"63 RUE DAUPHINE, 75006 PARIS",75006,48.853747,2.3386002,agences-paris-75
SG SOCIETE GENERALE,"4 PL COLONEL BOURGOIN, 75012 PARIS",75012,48.8352002,2.4451359,agences-paris-75
SG SOCIETE GENERALE,"91 AV CHAMPS ELYSEES, 75008 PARIS",75008,48.8711783,2.3021066,agences-paris-75
SG SOCIETE GENERALE,"5 PL CHARLES MICHELS, 75015 PARIS",75015,48.8471158,2.2857287,agences-paris-75
SG SOCIETE GENERALE,"166 BD VOLTAIRE, 75011 PARIS",75011,48.8555196,2.3836456,agences-paris-75
SG SOCIETE GENERALE,"24 RUE CLEMENT MAROT, 75008 PARIS",75008,48.8683063,2.3024484,agences-paris-75
SG SOCIETE GENERALE,"1 RUE TURGOT, 75009 PARIS",75009,48.8806862,2.3451737,agences-paris-75
SG SOCIETE GENERALE,"189 RUE CONVENTION, 75015 PARIS",75015,48.8375473,2.2959647,agences-paris-75
SG SOCIETE GENERALE,"78 RUE DE LA TOUR, 75116 PARIS",75116,48.8613472,2.2791878,agences-paris-75
SG SOCIETE GENERALE,"91 AV DE WAGRAM, 75017 PARIS",75017,48.8814756,2.3003682,agences-paris-75
SG SOCIETE GENERALE,"61 RUE CUSTINE, 75018 PARIS",75018,48.8896476,2.3430921,agences-paris-75
SG SOCIETE GENERALE,"197 AV DAUMESNIL, 75012 PARIS",75012,48.8400215,2.3945444,agences-paris-75
SG SOCIETE GENERALE,"5 AV DU GAL LECLERC, 75014 PARIS",75014,48.8295667,2.3239625,agences-paris-75
SG SOCIETE GENERALE,"6 RUE DE LYON, 75012 PARIS",75012,48.8469591,2.3720953,agences-paris-75
SG SOCIETE GENERALE,"131 RUE DE SEVRES, 75006 PARIS",75006,48.8473821,2.3183651,agences-paris-75
SG SOCIETE GENERALE,"40 AV MOTTE PICQUET, 75007 PARIS",75007,48.8544253,2.2955587,agences-paris-75
SG SOCIETE GENERALE,"100 AV DE CLICHY, 75017 PARIS",75017,48.8893604,2.3225596,agences-paris-75
SG SOCIETE GENERALE,"26 PL ETIENNE PERNET, 75015 PARIS",75015,48.8425736,2.29204,agences-paris-75
SG SOCIETE GENERALE,"96 RUE DU ROCHER, 75008 PARIS",75008,48.880784,2.3171078,agences-paris-75
SG SOCIETE GENERALE,"86 AV DE FLANDRE, 75019 PARIS",75019,48.8899503,2.3762864,agences-paris-75
SG SOCIETE GENERALE,"136 AV DE MALAKOFF, 75116 PARIS",75116,48.8750569,2.2841341,agences-paris-75
SG SOCIETE GENERALE,"PALAIS DE L'UNESCO, 75007 PARIS",75007,48.854909,2.3128667,agences-paris-75
SG SOCIETE GENERALE,"1 AV DE FRIEDLAND, 75008 PARIS",75008,48.8746264,2.3047762,agences-paris-75
SG SOCIETE GENERALE,"73 AV DU MAINE, 75014 PARIS",75014,48.8388422,2.3226295,agences-paris-75
SG SOCIETE GENERALE,"5 PL GAMBETTA, 75020 PARIS",75020,48.8646599,2.3980168,agences-paris-75
SG SOCIETE GENERALE,"68 BD DE STRASBOURG, 75010 PARIS",75010,48.8743227,2.3572764,agences-paris-75
SG SOCIETE GENERALE,"38 RUE GAY LUSSAC, 75005 PARIS",75005,48.8438505,2.3421315,agences-paris-75
SG SOCIETE GENERALE,"87 RUE DE GERGOVIE, 75014 PARIS",75014,48.8307503,2.3192092,agences-paris-75
SG SOCIETE GENERALE,"26 AV DES GOBELINS, 75013 PARIS",75013,48.8363432,2.3518722,agences-paris-75
SG SOCIETE GENERALE,"47 BD GOUVION ST-CYR, 75017 PARIS",75017,48.8822865,2.2865297,agences-paris-75
SG SOCIETE GENERALE,"39 RUE DU COMMERCE, 75015 PARIS",75015,48.8469148,2.2958915,agences-paris-75
SG SOCIETE GENERALE,"180 RUE DE GRENELLE, 75007 PARIS",75007,48.8579039,2.3066553,agences-paris-75
SG SOCIETE GENERALE,"79 AV DE ST-OUEN, 75017 PARIS",75017,48.892631,2.3271451,agences-paris-75
SG SOCIETE GENERALE,"PL JACQUES ROUCHE, 75009 PARIS",75009,48.872278,2.3326822,agences-paris-75
SG SOCIETE GENERALE,"172 AV VICTOR HUGO, 75116 PARIS",75116,48.8661748,2.276796,agences-paris-75
SG SOCIETE GENERALE,"14 RUE DES DEUX PONTS, 75004 PARIS",75004,48.8520048,2.3568332,agences-paris-75
SG SOCIETE GENERALE,"50 RUE D ANJOU, 75008 PARIS",75008,48.8728571,2.3222968,agences-paris-75
SG SOCIETE GENERALE,"36 RUE DE BOURGOGNE, 75007 PARIS",75007,48.8574319,2.3174032,agences-paris-75
SG SOCIETE GENERALE,"19 AV D'ITALIE, 75013 PARIS",75013,48.8291177,2.35684,agences-paris-75
SG SOCIETE GENERALE,"55 RUE JEANNE D ARC, 75013 PARIS",75013,48.8309903,2.3665591,agences-paris-75
SG SOCIETE GENERALE,"165-167 RUE DE BELLEVILLE, 75019 PARIS",75019,48.8771317,2.4063545,agences-paris-75
SG SOCIETE GENERALE,"6 RUE DU POTEAU, 75018 PARIS",75018,48.8929315,2.3436602,agences-paris-75
SG SOCIETE GENERALE,"43 AV KLEBER, 75116 PARIS",75116,48.8684466,2.2914409,agences-paris-75
SG SOCIETE GENERALE,"14 RUE DE LA CHAPELLE, 75018 PARIS",75018,48.8910994,2.3600768,agences-paris-75
SG SOCIETE GENERALE,"198 AV JEAN JAURES, 75019 PARIS",75019,48.8882883,2.3918068,agences-paris-75
SG SOCIETE GENERALE,"59 RUE LA CONVENTION, 75015 PARIS",75015,48.8414302,2.2961649,agences-paris-75
SG SOCIETE GENERALE,"12 AV DE LAUMIERE, 75019 PARIS",75019,48.8836687,2.3809305,agences-paris-75
SG SOCIETE GENERALE,"98 RUE LECOURBE, 75015 PARIS",75015,48.8430906,2.3038599,agences-paris-75
SG SOCIETE GENERALE,"5 RUE J. DE MAISTRE, 75018 PARIS",75018,48.8921323,2.3481786,agences-paris-75
SG SOCIETE GENERALE,"23 BD ST. GERMAIN, 75005 PARIS",75005,48.8493646,2.3529016,agences-paris-75
SG SOCIETE GENERALE,"235 RUE FBG. ST-MARTIN, 75010 PARIS",75010,48.876008,2.360445,agences-paris-75
SG SOCIETE GENERALE,"106 AV F. FAURE, 75015 PARIS",75015,48.8414302,2.2961649,agences-paris-75
SG SOCIETE GENERALE,"15 B RUE DU LOUVRE, 75001 PARIS",75001,48.8645963,2.3427179,agences-paris-75
SG SOCIETE GENERALE,"21 RUE DE VAUGIRARD, 75006 PARIS",75006,48.8485328,2.3322559,agences-paris-75
SG SOCIETE GENERALE,"11 BD MALESHERBES, 75008 PARIS",75008,48.8712263,2.3221812,agences-paris-75
SG SOCIETE GENERALE,"166 AV DU MAINE, 75014 PARIS",75014,48.8330119,2.3244863,agences-paris-75
SG SOCIETE GENERALE,"136 BD MALESHERBES, 75017 PARIS",75017,48.8853847,2.3072781,agences-paris-75
SG SOCIETE GENERALE,"46 AV S BOLIVAR, 75019 PARIS",75019,48.8870242,2.3830582,agences-paris-75
SG SOCIETE GENERALE,"69 RUE DES PYRENEES, 75020 PARIS",75020,48.8530402,2.4058739,agences-paris-75
SG SOCIETE GENERALE,"32 RUE DES ARCHIVES, 75004 PARIS",75004,48.858603,2.3554885,agences-paris-75
SG SOCIETE GENERALE,"76 B BD BARBES, 75018 PARIS",75018,48.8885918,2.3495859,agences-paris-75
SG SOCIETE GENERALE,"13 PL DE VENETIE, 75013 PARIS",75013,48.8215704,2.3650134,agences-paris-75
SG SOCIETE GENERALE,"113 BD HAUSSMANN, 75008 PARIS",75008,48.8750986,2.3161235,agences-paris-75
SG SOCIETE GENERALE,"1A7 RUE DE REMUSAT, 75016 PARIS",75016,48.848165,2.270267,agences-paris-75
SG SOCIETE GENERALE,"51 RUE MOLITOR, 75016 PARIS",75016,48.8452464,2.2581893,agences-paris-75
SG SOCIETE GENERALE,"83 RUE MONGE, 75005 PARIS",75005,48.8422885,2.3522178,agences-paris-75
SG SOCIETE GENERALE,"89 RUE DE CLICHY, 75009 PARIS",75009,48.8827451,2.3276326,agences-paris-75
SG SOCIETE GENERALE,"19 RUE PETITS CARREAUX, 75002 PARIS",75002,48.8671086,2.3471917,agences-paris-75
SG SOCIETE GENERALE,"52 AV MOTTE PICQUET, 75015 PARIS",75015,48.8507123,2.2999707,agences-paris-75
SG SOCIETE GENERALE,"5 PL DE LA NATION, 75011 PARIS",75011,48.8493333,2.3949473,agences-paris-75
SG SOCIETE GENERALE,"1 RUE SAINT-LAZARE, 75009 PARIS",75009,48.8767759,2.3385511,agences-paris-75
SG SOCIETE GENERALE,"26 RUE DE PASSY, 75016 PARIS",75016,48.8581152,2.2815155,agences-paris-75
SG SOCIETE GENERALE,"40 AV NIEL, 75017 PARIS",75017,48.8822379,2.2962531,agences-paris-75
SG SOCIETE GENERALE,"101 AV P.AUGUSTE, 75011 PARIS",75011,48.8600808,2.3781399,agences-paris-75
SG SOCIETE GENERALE,"53 RUE DES MORILLONS, 75015 PARIS",75015,48.8326491,2.3011988,agences-paris-75
SG SOCIETE GENERALE,"76 RUE DE COURCELLES, 75008 PARIS",75008,48.8778291,2.3059116,agences-paris-75
SG SOCIETE GENERALE,"93 AV PAUL DOUMER, 75116 PARIS",75116,48.858385,2.2753803,agences-paris-75
SG SOCIETE GENERALE,"52 BD PASTEUR, 75015 PARIS",75015,48.841118,2.3137201,agences-paris-75
SG SOCIETE GENERALE,"45 RUE DE TOLBIAC, 75013 PARIS",75013,48.8277812,2.3718007,agences-paris-75
SG SOCIETE GENERALE,"22 T RUE LEGENDRE, 75017 PARIS",75017,48.8904807,2.3245005,agences-paris-75
SG SOCIETE GENERALE,"112 AV DE VILLIERS, 75017 PARIS",75017,48.8849716,2.2982725,agences-paris-75
SG SOCIETE GENERALE,"16 RUE DU PONT NEUF, 75001 PARIS",75001,48.860285,2.3444361,agences-paris-75
SG SOCIETE GENERALE,"148 BD DU MONTPARNASSE, 75014 PARIS",75014,48.8403966,2.3338593,agences-paris-75
SG SOCIETE GENERALE,"28 RUE MORERE, 75014 PARIS",75014,48.8250485,2.3208326,agences-paris-75
SG SOCIETE GENERALE,"1 PL PTE DE VANVES, 75014 PARIS",75014,48.8295667,2.3239625,agences-paris-75
SG SOCIETE GENERALE,"2 BD DE STRASBOURG, 75010 PARIS",75010,48.8695182,2.3545867,agences-paris-75
SG SOCIETE GENERALE,"166 BD DAVOUT, 75020 PARIS",75020,48.8638924,2.4090185,agences-paris-75
SG SOCIETE GENERALE,"21 RUE GUDIN, 75016 PARIS",75016,48.8380057,2.2585093,agences-paris-75
SG SOCIETE GENERALE,"360 RUE DES PYRENEES, 75020 PARIS",75020,48.8739906,2.3859883,agences-paris-75
SG SOCIETE GENERALE,"118 RUE FBG ST-ANTOINE, 75012 PARIS",75012,48.8352002,2.4451359,agences-paris-75
SG SOCIETE GENERALE,"28 RUE DU DOCTEUR BLANCHE, 75016 PARIS",75016,48.8542927,2.2654124,agences-paris-75
SG SOCIETE GENERALE,"205 RUE DU TEMPLE, 75003 PARIS",75003,48.8671293,2.3623961,agences-paris-75
SG SOCIETE GENERALE,"24 BD BARBES, 75018 PARIS",75018,48.8853849,2.34972,agences-paris-75
SG SOCIETE GENERALE,"96 AV GAL MICHEL BIZOT, 75012 PARIS",75012,48.8352002,2.4451359,agences-paris-75
SG SOCIETE GENERALE,"146 RUE DE LA TOUR, 75016 PARIS",75016,48.8637861,2.2729851,agences-paris-75
SG SOCIETE GENERALE,"148 RUE DE RENNES, 75006 PARIS",75006,48.8447807,2.3245794,agences-paris-75
SG SOCIETE GENERALE,"45 AV DE LA REPUBLIQUE, 75011 PARIS",75011,48.8651262,2.3760215,agences-paris-75
SG SOCIETE GENERALE,"22/24 AV SECRETAN, 75019 PARIS",75019,48.879554,2.3770308,agences-paris-75
SG SOCIETE GENERALE,"27 BD SAINT-MICHEL, 75005 PARIS",75005,48.8500432,2.3427148,agences-paris-75
SG SOCIETE GENERALE,"71 BD VOLTAIRE, 75011 PARIS",75011,48.8612564,2.3747388,agences-paris-75
SG SOCIETE GENERALE,"47 RUE SAINT ANTOINE, 75004 PARIS",75004,48.8538867,2.3644881,agences-paris-75
SG SOCIETE GENERALE,"106 RUE ST-DOMINIQUE, 75007 PARIS",75007,48.8586925,2.3028921,agences-paris-75
SG SOCIETE GENERALE,"106 AV GAMBETTA, 75020 PARIS",75020,48.87404,2.405301,agences-paris-75
SG SOCIETE GENERALE,"1 B RUE DU HAVRE, 75008 PARIS",75008,48.8743318,2.3267661,agences-paris-75
SG SOCIETE GENERALE,"252 RUE SAINT MARTIN, 75003 PARIS",75003,48.865234,2.353589,agences-paris-75
SG SOCIETE GENERALE,"67 RUE LA BOETIE, 75008 PARIS",75008,48.8729154,2.3112899,agences-paris-75
SG SOCIETE GENERALE,"127 RUE DE RENNES, 75006 PARIS",75006,48.8467592,2.3269626,agences-paris-75
SG SOCIETE GENERALE,"219 RUE SAINT-HONORE, 75001 PARIS",75001,48.8656938,2.3302722,agences-paris-75
SG SOCIETE GENERALE,"199 B BD ST GERMAIN, 75007 PARIS",75007,48.855134,2.3281726,agences-paris-75
SG SOCIETE GENERALE,"107 RUE LA FAYETTE, 75010 PARIS",75010,48.8777591,2.3507614,agences-paris-75
SG SOCIETE GENERALE,"40 AV DES TERNES, 75017 PARIS",75017,48.8790655,2.2931372,agences-paris-75
SG SOCIETE GENERALE,"195 RUE DE TOLBIAC, 75013 PARIS",75013,48.8256965,2.3498809,agences-paris-75
SG SOCIETE GENERALE,"2 PL ESTIENNE D'ORVES, 75009 PARIS",75009,48.8765464,2.3325422,agences-paris-75
SG SOCIETE GENERALE,"108 AV KLEBER, 75116 PARIS",75116,48.8648907,2.2883193,agences-paris-75
SG SOCIETE GENERALE,"94 RUE DE TURENNE, 75003 PARIS",75003,48.8598148,2.3645457,agences-paris-75
SG SOCIETE GENERALE,"2 PL VICTOR HUGO, 75016 PARIS",75016,48.8700293,2.2857457,agences-paris-75
SG SOCIETE GENERALE,"41 RUE VANEAU, 75007 PARIS",75007,48.8518077,2.3191033,agences-paris-75
SG SOCIETE GENERALE,"10 PL VICTOR HUGO, 75116 PARIS",75116,48.8695035,2.2851238,agences-paris-75
SG SOCIETE GENERALE,"72 AV DE VILLIERS, 75017 PARIS",75017,48.884057,2.304523,agences-paris-75
SG SOCIETE GENERALE,"41 RUE DE WATTIGNIES, 75012 PARIS",75012,48.8359645,2.3960053,agences-paris-75
SG CREDIT DU NORD,"1 AV VAUBAN, 62120 AIRE SUR LA LYS",62120,50.6403305,2.4021048,agences-pas-de-calais-62
SG CREDIT DU NORD,"PLACE D ARMES, 62610 ARDRES",62610,50.8535984,1.9767518,agences-pas-de-calais-62
SG CREDIT DU NORD,"64 RUE GAMBETTA, 62000 ARRAS",62000,50.28907,2.7759285,agences-pas-de-calais-62
SG CREDIT DU NORD,"21 PL JULES GUESDE, 62260 AUCHEL",62260,50.5034869,2.4686626,agences-pas-de-calais-62
SG CREDIT DU NORD,"9 PL SADI CARNOT, 62450 BAPAUME",62450,50.103067,2.8506414,agences-pas-de-calais-62
SG CREDIT DU NORD,"16 RUE DE L'IMPERATRICE, 62600 BERCK",62600,50.4046696,1.5640766,agences-pas-de-calais-62
SG CREDIT DU NORD,"32 GRAND PLACE, 62400 BETHUNE",62400,50.530623,2.639994,agences-pas-de-calais-62
SG CREDIT DU NORD,"37 RUE FAIDHERBE, 62200 BOULOGNE SUR MER",62200,50.7247915,1.6041542,agences-pas-de-calais-62
SG CREDIT DU NORD,"111 RUE ALFRED LEROY, 62700 BRUAY LA BUISSIERE",62700,50.4795699,2.544812,agences-pas-de-calais-62
SG CREDIT DU NORD,"73/75 BOULEVARD JACQUARD, 62100 CALAIS",62100,50.9538074,1.8509533,agences-pas-de-calais-62
SG CREDIT DU NORD,"88 RUE EDOUARD PLACHEZ, 62220 CARVIN",62220,50.490689,2.955454,agences-pas-de-calais-62
SG CREDIT DU NORD,"1 BD BILLIET, 62630 ETAPLES",62630,50.5130454,1.6372216,agences-pas-de-calais-62
SG CREDIT DU NORD,"1 RUE DU MAL LECLERC, 62310 FRUGES",62310,50.514251,2.134367,agences-pas-de-calais-62
SG CREDIT DU NORD,"7 RUE ELIE GRUYELLE, 62110 HENIN BEAUMONT",62110,50.420571,2.9492624,agences-pas-de-calais-62
SG CREDIT DU NORD,"12 RUE DANIEL LEROEUIL, 62140 HESDIN",62140,50.3774973,2.0093121,agences-pas-de-calais-62
SG CREDIT DU NORD,"78 RUE DE METZ, 62520 LE TOUQUET PARIS PLAGE",62520,50.5230245,1.5845382,agences-pas-de-calais-62
SG CREDIT DU NORD,"14 PL JEAN JAURES, 62300 LENS",62300,50.42942,2.832648,agences-pas-de-calais-62
SG CREDIT DU NORD,"154 RUE DEFERNEZ, 62800 LIEVIN",62800,50.4192857,2.7725924,agences-pas-de-calais-62
SG CREDIT DU NORD,"26 PL ROGER SALENGRO, 62190 LILLERS",62190,50.5634757,2.4806851,agences-pas-de-calais-62
SG CREDIT DU NORD,"24 RUE DU DR BRONCQUART, 62380 LUMBRES",62380,50.7019858,2.120122,agences-pas-de-calais-62
SG CREDIT DU NORD,"37 PL DU GAL DE GAULLE, 62170 MONTREUIL SUR MER",62170,50.4681399,1.7629821,agences-pas-de-calais-62
SG CREDIT DU NORD,"191 RUE NATIONALE, 62290 NOEUX LES MINES",62290,50.4799549,2.6642456,agences-pas-de-calais-62
SG CREDIT DU NORD,"85 T BD DE LA LIBERTE, 62230 OUTREAU",62230,50.7146083,1.5916369,agences-pas-de-calais-62
SG CREDIT DU NORD,"91 RUE CARNOT, 62500 ST OMER",62500,50.7496851,2.2562312,agences-pas-de-calais-62
SG CREDIT DU NORD,"2 RUE DES FERRONNIERS, 62130 ST POL SUR TERNOISE",62130,50.3817614,2.3348295,agences-pas-de-calais-62
SG CREDIT DU NORD,"17 B RUE DU FAUBOURG, 62350 ST VENANT",62350,50.620699,2.542422,agences-pas-de-calais-62
SG CREDIT DU NORD,"22 RUE GRANDE CHAPELLE, 62490 VITRY EN ARTOIS",62490,50.3249806,2.982472,agences-pas-de-calais-62
SG CREDIT DU NORD,"87 PL DU GENERAL LECLERC, 62930 WIMEREUX",62930,50.7734265,1.6117994,agences-pas-de-calais-62
SG AUVERGNE RHÔNE ALPES,"51 BD HENRI IV, 63600 AMBERT",63600,45.5491466,3.7412398,agences-puy-de-dome-63
SG AUVERGNE RHÔNE ALPES,"6 PL CHARLES DE GAULLE, 63220 ARLANC",63220,45.4134726,3.7242991,agences-puy-de-dome-63
SG AUVERGNE RHÔNE ALPES,"9 AV DU ROUSSILLON, 63170 AUBIERE",63170,45.7552607,3.1301732,agences-puy-de-dome-63
SG AUVERGNE RHÔNE ALPES,"RUE L HOTEL DE VILLE, 63110 BEAUMONT",63110,45.7534977,3.0867035,agences-puy-de-dome-63
SG AUVERGNE RHÔNE ALPES,"93 AV DE ROYAT, 63400 CHAMALIERES",63400,45.7709493,3.0589275,agences-puy-de-dome-63
SG AUVERGNE RHÔNE ALPES,"14 AV BARADUC, 63140 CHATEL GUYON",63140,45.9195861,3.0656838,agences-puy-de-dome-63
SG AUVERGNE RHÔNE ALPES,"7 PL MICHEL HOSPITAL, 63000 CLERMONT FERRAND",63000,45.772236,3.1107082,agences-puy-de-dome-63
SG AUVERGNE RHÔNE ALPES,"116 AV DE LA REPUBLIQUE, 63100 CLERMONT FERRAND",63100,45.7849837,3.1007451,agences-puy-de-dome-63
SG AUVERGNE RHÔNE ALPES,"40 AV DES ETATS UNIS, 63000 CLERMONT FERRAND",63000,45.772236,3.1107082,agences-puy-de-dome-63
SG AUVERGNE RHÔNE ALPES,"BD SAINT-JEAN, 63100 CLERMONT FERRAND",63100,45.7803954,3.1176218,agences-puy-de-dome-63
SG AUVERGNE RHÔNE ALPES,"11 RUE HENRI POURRAT, 63000 CLERMONT FERRAND",63000,45.7550346,3.1186127,agences-puy-de-dome-63
SG AUVERGNE RHÔNE ALPES,"43 B AVENUE DE LA LIBERATION, 63800 COURNON-D'AUVERGNE",63800,45.7372479,3.1944642,agences-puy-de-dome-63
SG AUVERGNE RHÔNE ALPES,"18 BD LA SOUS PREFECT., 63500 ISSOIRE",63500,45.5542005,3.2561424,agences-puy-de-dome-63
SG AUVERGNE RHÔNE ALPES,"AV DU MARECHAL FOCH, 63150 LA BOURBOULE",63150,45.5891454,2.7413618,agences-puy-de-dome-63
SG AUVERGNE RHÔNE ALPES,"17 RUE DE L'HOTEL DE VILLE, 63200 RIOM",63200,45.9795545,3.0898931,agences-puy-de-dome-63
SG AUVERGNE RHÔNE ALPES,"39 AV DU GENERAL DE GAULLE, 63300 THIERS",63300,45.8419922,3.5124175,agences-puy-de-dome-63
SG SUD OUEST,"12 RUE AMEDEE DUFOURG, 64600 ANGLET",64600,43.4812153,-1.5149889,agences-pyrenees-atlantiques-64
SG SUD OUEST,"11 BIS PL DU GENERAL LECLERC, 64600 ANGLET",64600,43.4951662,-1.5294275,agences-pyrenees-atlantiques-64
SG SUD OUEST,"2 AV DU 11 NOVEMBRE, 64100 BAYONNE",64100,43.4926266,-1.4783106,agences-pyrenees-atlantiques-64
SG SUD OUEST,"37 BD ALSACE LORRAINE, 64100 BAYONNE",64100,43.4932728,-1.4661106,agences-pyrenees-atlantiques-64
SG SUD OUEST,"14 PL CLEMENCEAU, 64200 BIARRITZ",64200,43.4820168,-1.5602732,agences-pyrenees-atlantiques-64
SG SUD OUEST,"AV DU PLATEAU, 64210 BIDART",64210,43.4456258,-1.5832846,agences-pyrenees-atlantiques-64
SG SUD OUEST,"PLACE DE L'EGLISE, 64250 CAMBO LES BAINS",64250,43.3630393,-1.4034508,agences-pyrenees-atlantiques-64
SG SUD OUEST,"82 RTE DE BEHOBIE, 64700 HENDAYE",64700,43.3578849,-1.7520115,agences-pyrenees-atlantiques-64
SG SUD OUEST,"6 B AV SANTOS DUMONT, 64230 LESCAR",64230,43.3196342,-0.4239017,agences-pyrenees-atlantiques-64
SG SUD OUEST,"11 PL P. ET M. CURIE, 64150 MOURENX",64150,43.3712309,-0.6370828,agences-pyrenees-atlantiques-64
SG SUD OUEST,"2 ALL CHANZY, 64800 NAY",64800,43.1799675,-0.2610017,agences-pyrenees-atlantiques-64
SG SUD OUEST,"13 PLACE DE JACA, 64400 OLORON STE MARIE",64400,43.1886552,-0.6110862,agences-pyrenees-atlantiques-64
SG SUD OUEST,"63 RUE ST-GILLES, 64300 ORTHEZ",64300,43.4878317,-0.7718113,agences-pyrenees-atlantiques-64
SG SUD OUEST,"11 BIS RUE LOUIS BARTHOU, 64000 PAU",64000,43.2943708,-0.3673211,agences-pyrenees-atlantiques-64
SG SUD OUEST,"25 T RUE CARNOT, 64000 PAU",64000,43.3013322,-0.3693696,agences-pyrenees-atlantiques-64
SG SUD OUEST,"150 AV ALFRED NOBEL, 64000 PAU",64000,43.3167628,-0.3121,agences-pyrenees-atlantiques-64
SG SUD OUEST,"11 AV DU GENERAL DE GAULLE, 64000 PAU",64000,43.301789,-0.3554075,agences-pyrenees-atlantiques-64
SG SUD OUEST,"AV DE L'UNIVERSITE, 64000 PAU",64000,43.3113411,-0.3647049,agences-pyrenees-atlantiques-64
SG SUD OUEST,"9 BD VICTOR HUGO, 64500 ST JEAN DE LUZ",64500,43.3874564,-1.6618057,agences-pyrenees-atlantiques-64
SG SUD OUEST,"PL JEANNE D'ALBRET, 64270 SALIES DE BEARN",64270,43.4717605,-0.9241006,agences-pyrenees-atlantiques-64
SG SUD OUEST,"1 PL GILBERT DESPORT, 64990 ST PIERRE D IRUBE",64990,43.4606459,-1.4282577,agences-pyrenees-atlantiques-64
SG SUD OUEST,"R DU LAVOIR, 64480 USTARITZ",64480,43.3941763,-1.4550587,agences-pyrenees-atlantiques-64
SG COURTOIS,"15 AV DU DOCTEUR BOUIX, 66110 AMELIE LES BAINS PALALDA",66110,42.4743685,2.6704282,agences-pyrenees-orientales-66
SG COURTOIS,"23 AV DE HURTH, 66700 ARGELES SUR MER",66700,42.5487597,3.0194997,agences-pyrenees-orientales-66
SG COURTOIS,"1 RUE MADELEINE BRES, 66330 CABESTANY",66330,42.6915216,2.9321905,agences-pyrenees-orientales-66
SG COURTOIS,"BD DES ALIZES, 66140 CANET EN ROUSSILLON",66140,42.7043047,3.0207553,agences-pyrenees-orientales-66
SG COURTOIS,"LD LA MOSQUITA, 66400 CERET",66400,42.4982196,2.7193758,agences-pyrenees-orientales-66
SG COURTOIS,"19 BD JACQUES ALBERT, 66200 ELNE",66200,42.6063782,2.9769273,agences-pyrenees-orientales-66
SG COURTOIS,"140 BD NUNGESSER ET COLI, 66000 PERPIGNAN",66000,42.6816066,2.8928455,agences-pyrenees-orientales-66
SG COURTOIS,"3 PL BARDOU JOB, 66000 PERPIGNAN",66000,42.7011823,2.890969,agences-pyrenees-orientales-66
SG COURTOIS,"9 RUE JULES PAMS, 66660 PORT VENDRES",66660,42.5196452,3.1074245,agences-pyrenees-orientales-66
SG COURTOIS,"PL DE MARBRE, 66750 ST CYPRIEN",66750,42.6227405,3.0356944,agences-pyrenees-orientales-66
SG COURTOIS,"46 AV DE RIVESALTES, 66240 ST ESTEVE",66240,42.7170773,2.8454229,agences-pyrenees-orientales-66
SG COURTOIS,"1 RUE DE L'ALMA, 66250 ST LAURENT DE LA SALANQUE",66250,42.7739993,2.9892663,agences-pyrenees-orientales-66
SG COURTOIS,"13 AV DE LA MEDITERRANEE, 66300 THUIR",66300,42.6314287,2.7602173,agences-pyrenees-orientales-66
SG AUVERGNE RHÔNE ALPES,"140 RUE DE LA REPUBLIQUE, 69220 BELLEVILLE EN BEAUJOLAIS",69220,46.1106172,4.7402162,agences-rhone-69
SG AUVERGNE RHÔNE ALPES,"15/17 RUE DE JANICU, 69530 BRIGNAIS",69530,45.6755639,4.7582867,agences-rhone-69
SG AUVERGNE RHÔNE ALPES,"70 AV DE LATTRE DE TASSIGNY, 69500 BRON",69500,45.7364409,4.916927,agences-rhone-69
SG AUVERGNE RHÔNE ALPES,"166 AV FRANKLIN ROOSEVELT, 69500 BRON",69500,45.7372832,4.8974769,agences-rhone-69
SG AUVERGNE RHÔNE ALPES,"84 RUE PASTEUR, 69300 CALUIRE ET CUIRE",69300,45.7923657,4.844458,agences-rhone-69
SG AUVERGNE RHÔNE ALPES,"71 AV LANESSAN, 69410 CHAMPAGNE AU MONT D OR",69410,45.795629,4.7917661,agences-rhone-69
SG AUVERGNE RHÔNE ALPES,"5 RUE DE LA REPUBLIQUE, 69680 CHASSIEU",69680,45.7385226,4.9693409,agences-rhone-69
SG AUVERGNE RHÔNE ALPES,"95 AV EDOUARD MILLAUD, 69290 CRAPONNE",69290,45.747267,4.7240691,agences-rhone-69
SG AUVERGNE RHÔNE ALPES,"11 CHE DE GARGANTUA, 69570 DARDILLY",69570,45.8191571,4.7586528,agences-rhone-69
SG AUVERGNE RHÔNE ALPES,"134 AV JEAN JAURES, 69150 DECINES CHARPIEU",69150,45.7694738,4.9488026,agences-rhone-69
SG AUVERGNE RHÔNE ALPES,"PL DE LA LIBERATION, 69130 ECULLY",69130,45.7757209,4.7783074,agences-rhone-69
SG AUVERGNE RHÔNE ALPES,"39 RUE DE LA REPUBLIQUE, 69740 GENAS",69740,45.7318835,5.001028,agences-rhone-69
SG AUVERGNE RHÔNE ALPES,"198 RTE DE TREVOUX, 69730 GENAY",69730,45.8886848,4.8296059,agences-rhone-69
SG AUVERGNE RHÔNE ALPES,"4 RUE GAMBETTA, 69700 GIVORS",69700,45.5820026,4.773637,agences-rhone-69
SG AUVERGNE RHÔNE ALPES,"38 R CHARLES DE GAULLE, 69210 L ARBRESLE",69210,45.8361392,4.6162978,agences-rhone-69
SG AUVERGNE RHÔNE ALPES,"1 BD DES BROTTEAUX, 69006 LYON",69006,45.769422,4.8572178,agences-rhone-69
SG AUVERGNE RHÔNE ALPES,"56 CRS CHARLEMAGNE, 69002 LYON",69002,45.7448921,4.8224621,agences-rhone-69
SG AUVERGNE RHÔNE ALPES,"11 PL CROIX ROUSSE, 69004 LYON",69004,45.7744305,4.8255454,agences-rhone-69
SG AUVERGNE RHÔNE ALPES,"62 BD DES ETATS-UNIS, 69008 LYON",69008,45.7340087,4.8636238,agences-rhone-69
SG AUVERGNE RHÔNE ALPES,"100 RUE DE GERLAND, 69007 LYON",69007,45.7360729,4.8395206,agences-rhone-69
SG AUVERGNE RHÔNE ALPES,"7 PL JEAN MACE, 69007 LYON",69007,45.7458279,4.842947,agences-rhone-69
SG AUVERGNE RHÔNE ALPES,"181 AV THIERS, 69006 LYON 06EM-ARRONDISSEMENT",69006,,,agences-rhone-69
SG AUVERGNE RHÔNE ALPES,"188 AV FRERES LUMIERE, 69008 LYON",69008,45.7455671,4.8646329,agences-rhone-69
SG AUVERGNE RHÔNE ALPES,"96 B CRS DU DR LONG, 69003 LYON",69003,45.7513435,4.8760361,agences-rhone-69
SG AUVERGNE RHÔNE ALPES,"12 PL CARNOT, 69002 LYON",69002,45.7507371,4.8289423,agences-rhone-69
SG AUVERGNE RHÔNE ALPES,"72 AV DU POINT DU JOUR, 69005 LYON",69005,45.7564877,4.7971148,agences-rhone-69
SG AUVERGNE RHÔNE ALPES,"6 RUE DE LA REPUBLIQUE, 69001 LYON",69001,45.7663744,4.8358437,agences-rhone-69
SG AUVERGNE RHÔNE ALPES,"28 CRS FRANKLIN ROOSEVELT, 69006 LYON",69006,45.7687299,4.846294,agences-rhone-69
SG AUVERGNE RHÔNE ALPES,"34 T AV LACASSAGNE, 69003 LYON",69003,45.7436486,4.8944424,agences-rhone-69
SG AUVERGNE RHÔNE ALPES,"1/3 PL VICTOR BASCH, 69003 LYON",69003,45.7535867,4.8479193,agences-rhone-69
SG AUVERGNE RHÔNE ALPES,"18 RUE DU CHAPEAU ROUGE, 69009 LYON",69009,45.7726742,4.8077313,agences-rhone-69
SG AUVERGNE RHÔNE ALPES,"19 RUE VICTOR HUGO, 69002 LYON",69002,45.7552279,4.8306283,agences-rhone-69
SG AUVERGNE RHÔNE ALPES,"23 RUE LOUIS SAULNIER, 69330 MEYZIEU",69330,45.7655584,5.0033322,agences-rhone-69
SG AUVERGNE RHÔNE ALPES,"10 RUE DU 19 MARS 1962, 69780 MIONS",69780,45.6656664,4.9576582,agences-rhone-69
SG AUVERGNE RHÔNE ALPES,"112 GRANDE RUE, 69600 OULLINS",69600,45.7148643,4.8075147,agences-rhone-69
SG AUVERGNE RHÔNE ALPES,"2843 RTE DE STRASBOURG, 69140 RILLIEUX LA PAPE",69140,45.8203261,4.895426,agences-rhone-69
SG AUVERGNE RHÔNE ALPES,"65 AV JEAN JAURES, 69190 ST FONS",69190,45.710639,4.8552411,agences-rhone-69
SG AUVERGNE RHÔNE ALPES,"13 PL DES TERREAUX, 69590 ST SYMPHORIEN SUR COISE",69590,45.6321488,4.4566408,agences-rhone-69
SG AUVERGNE RHÔNE ALPES,"MONTEE DU CHATEAU, 69720 ST BONNET DE MURE",69720,45.691883,5.0289816,agences-rhone-69
SG AUVERGNE RHÔNE ALPES,"24 RUE HENRI MARECHAL, 69800 ST PRIEST",69800,45.6918402,4.9388803,agences-rhone-69
SG AUVERGNE RHÔNE ALPES,"4 PLACE DU MARECHAL JOFFRE, 69230 ST GENIS LAVAL",69230,45.6924386,4.7919903,agences-rhone-69
SG AUVERGNE RHÔNE ALPES,"12 BD BARON DU MARAIS, 69110 STE FOY LES LYON",69110,45.7356323,4.8047435,agences-rhone-69
SG AUVERGNE RHÔNE ALPES,"PL COLLIO, 69170 TARARE",69170,45.8953365,4.43255,agences-rhone-69
SG AUVERGNE RHÔNE ALPES,"4 AV GENERAL LECLERC, 69160 TASSIN LA DEMI LUNE",69160,45.7611936,4.7753088,agences-rhone-69
SG AUVERGNE RHÔNE ALPES,"48 RUE DE LA REPUBLIQUE, 69120 VAULX EN VELIN",69120,45.7862695,4.9247791,agences-rhone-69
SG AUVERGNE RHÔNE ALPES,"32 RUE CARNOT, 69200 VENISSIEUX",69200,45.705024,4.8785692,agences-rhone-69
SG AUVERGNE RHÔNE ALPES,"78 RUE PAUL BERT, 69400 VILLEFRANCHE SUR SAONE",69400,45.9899017,4.7175078,agences-rhone-69
SG AUVERGNE RHÔNE ALPES,"34 AV ROGER SALENGRO, 69100 VILLEURBANNE",69100,45.7758859,4.8710326,agences-rhone-69
SG AUVERGNE RHÔNE ALPES,"50 CRS EMILE ZOLA, 69100 VILLEURBANNE",69100,45.7707079,4.8667908,agences-rhone-69
SG AUVERGNE RHÔNE ALPES,"158 CRS EMILE ZOLA, 69100 VILLEURBANNE",69100,45.7695165,4.8786113,agences-rhone-69
SG AUVERGNE RHÔNE ALPES,"234 RUE DU 4 AOUT 1789, 69100 VILLEURBANNE",69100,45.7659843,4.8977983,agences-rhone-69
SG AUVERGNE RHÔNE ALPES,"41 CRS TOLSTOI, 69100 VILLEURBANNE",69100,45.7636796,4.8746383,agences-rhone-69
SG GRAND EST,"23 B AV GAL GAULLE, 71400 AUTUN",71400,46.9627979,4.3096482,agences-saone-et-loire-71
SG GRAND EST,"13 RUE DE LA FERTE, 71150 CHAGNY",71150,46.9089343,4.7535119,agences-saone-et-loire-71
SG GRAND EST,"18 BD LA REPUBLIQUE, 71100 CHALON SUR SAONE",71100,46.7832427,4.847562,agences-saone-et-loire-71
SG AUVERGNE RHÔNE ALPES,"60 Q GDE R.DE LA COUPEE, 71850 CHARNAY LES MACON",71850,46.305392,4.7908339,agences-saone-et-loire-71
SG GRAND EST,"36 AV CONDORCET, 71880 CHATENOY LE ROYAL",71880,46.797332,4.8113481,agences-saone-et-loire-71
SG AUVERGNE RHÔNE ALPES,"17 RUE FILATERIE, 71250 CLUNY",71250,46.4325898,4.6601199,agences-saone-et-loire-71
SG AUVERGNE RHÔNE ALPES,"3 PL DE L'EGLISE, 71160 DIGOIN",71160,46.4805251,3.9776207,agences-saone-et-loire-71
SG AUVERGNE RHÔNE ALPES,"4 RUE DE LA REPUBLIQUE, 71130 GUEUGNON",71130,46.6003325,4.0655914,agences-saone-et-loire-71
SG GRAND EST,"ESP FRANCOIS MITTERRAND, 71200 LE CREUSOT",71200,46.8243075,4.4251364,agences-saone-et-loire-71
SG GRAND EST,"63 GRANDE RUE, 71500 LOUHANS",71500,46.6293873,5.2233966,agences-saone-et-loire-71
SG AUVERGNE RHÔNE ALPES,"238 QU LAMARTINE, 71000 MACON",71000,46.3036394,4.8336101,agences-saone-et-loire-71
SG GRAND EST,"14 RUE CARNOT, 71300 MONTCEAU LES MINES",71300,46.6744405,4.3635161,agences-saone-et-loire-71
SG AUVERGNE RHÔNE ALPES,"44 AV CH DE GAULLE, 71600 PARAY LE MONIAL",71600,46.431437,4.0991103,agences-saone-et-loire-71
SG GRAND EST,"RUE AUGUSTE MARTIN C.COM, 71100 ST REMY",71100,46.7740503,4.8418683,agences-saone-et-loire-71
SG AUVERGNE RHÔNE ALPES,"13 RUE DE LA REPUBLIQUE, 71700 TOURNUS",71700,46.5630888,4.9117342,agences-saone-et-loire-71
SG GRAND OUEST,"CTRE CIAL PRINCIPAL, 72700 ALLONNES",72700,47.9575575,0.1248655,agences-sarthe-72
SG GRAND OUEST,"31 RUE DENFERT ROCHEREAU, 72400 LA FERTE BERNARD",72400,48.186987,0.653834,agences-sarthe-72
SG GRAND OUEST,"19 RUE CARNOT, 72200 LA FLECHE",72200,47.6993897,-0.0765578,agences-sarthe-72
SG GRAND OUEST,"127 AV RHIN ET DANUBE, 72000 LE MANS",72000,48.0163229,0.1857394,agences-sarthe-72
SG GRAND OUEST,"RTE DE BONNETABLE, 72000 LE MANS",72000,48.022332,0.230157,agences-sarthe-72
SG GRAND OUEST,"43 PL DE LA REPUBLIQUE, 72000 LE MANS",72000,48.0047404,0.1966718,agences-sarthe-72
SG GRAND OUEST,"51 BD WINSTON CHURCHILL, 72100 LE MANS",72100,47.9907204,0.2205874,agences-sarthe-72
SG GRAND OUEST,"22 PL RAPHAEL ELIZEE, 72300 SABLE SUR SARTHE",72300,47.8206671,-0.2899604,agences-sarthe-72
SG LAYDERNIER,"12 PL CARNOT, 73100 AIX LES BAINS",73100,45.6893881,5.9141103,agences-savoie-73
SG LAYDERNIER,"84 RUE LA REPUBLIQUE, 73200 ALBERTVILLE",73200,45.6672655,6.3648505,agences-savoie-73
SG LAYDERNIER,"35 AV DU CENTENAIRE, 73700 BOURG ST MAURICE",73700,45.6178349,6.7697384,agences-savoie-73
SG LAYDERNIER,"1265 AV DE CHAMBERY, 73190 CHALLES LES EAUX",73190,45.5416026,5.9889874,agences-savoie-73
SG LAYDERNIER,"10 BD DE LA COLONNE, 73000 CHAMBERY",73000,45.5667807,5.9230653,agences-savoie-73
SG LAYDERNIER,"267 AV DU COMTE VERT, 73000 CHAMBERY",73000,45.5712168,5.9126517,agences-savoie-73
SG LAYDERNIER,"244 AV COSTA DE BEAUREGARD, 73290 LA MOTTE SERVOLEX",73290,45.5949356,5.878524,agences-savoie-73
SG LAYDERNIER,"10 RUE DU BOIS DE LEYSSE, 73490 LA RAVOIRE",73490,45.564093,5.969729,agences-savoie-73
SG LAYDERNIER,"132 AV DE LA GARE, 73600 MOUTIERS TARENTAISE",73600,,,agences-savoie-73
SG LAYDERNIER,"123 RUE LA LIBERATION, 73300 ST JEAN DE MAURIENNE",73300,45.24257,6.3122311,agences-savoie-73
SG SOCIETE GENERALE,"58 AV F.ROOSEVELT, 77210 AVON",77210,48.4142411,2.7478681,agences-seine-et-marne-77
SG SOCIETE GENERALE,"3 AV GALLIENI, 77590 BOIS LE ROI",77590,48.4743565,2.6923905,agences-seine-et-marne-77
SG SOCIETE GENERALE,"6 B RUE GAMBETTA, 77170 BRIE COMTE ROBERT",77170,48.691658,2.6114516,agences-seine-et-marne-77
SG SOCIETE GENERALE,"2 RUE PAUL DELOUVRIER, 77600 BUSSY ST GEORGES",77600,48.8355696,2.7106177,agences-seine-et-marne-77
SG SOCIETE GENERALE,"CTRE CIAL BOISSENART, 77240 CESSON",77240,48.571722,2.592957,agences-seine-et-marne-77
SG SOCIETE GENERALE,"29 AV AMPERE, 77420 CHAMPS SUR MARNE",77420,48.8434528,2.5834119,agences-seine-et-marne-77
SG SOCIETE GENERALE,"14 AV LA RESISTANCE, 77500 CHELLES",77500,48.8783747,2.5870204,agences-seine-et-marne-77
SG SOCIETE GENERALE,"50 RUE JEAN JAURES, 77410 CLAYE SOUILLY",77410,48.9450991,2.685238,agences-seine-et-marne-77
SG SOCIETE GENERALE,"118 RUE SOMMEVILLE, 77380 COMBS LA VILLE",77380,48.6659239,2.5605056,agences-seine-et-marne-77
SG SOCIETE GENERALE,"1 RUE PALAIS DE JUSTICE, 77120 COULOMMIERS",77120,48.8132763,3.0862598,agences-seine-et-marne-77
SG SOCIETE GENERALE,"3 PL DU MARCHE, 77580 CRECY LA CHAPELLE",77580,48.8570363,2.9098428,agences-seine-et-marne-77
SG SOCIETE GENERALE,"242 AV FOCH, 77190 DAMMARIE LES LYS",77190,48.5195596,2.6406623,agences-seine-et-marne-77
SG SOCIETE GENERALE,"119 RUE GAL DE GAULLE, 77230 DAMMARTIN EN GOELE",77230,49.0529693,2.6746081,agences-seine-et-marne-77
SG SOCIETE GENERALE,"35 RUE DU GAL LECLERC, 77450 ESBLY",77450,48.9223547,2.8154527,agences-seine-et-marne-77
SG SOCIETE GENERALE,"102 RUE GRANDE, 77300 FONTAINEBLEAU",77300,48.4064245,2.7028578,agences-seine-et-marne-77
SG SOCIETE GENERALE,"42 RUE DE PARIS, 77320 LA FERTE GAUCHER",77320,48.7804501,3.305092,agences-seine-et-marne-77
SG SOCIETE GENERALE,"15 RUE DU MOUTON, 77260 LA FERTE SOUS JOUARRE",77260,48.950202,3.1299049,agences-seine-et-marne-77
SG SOCIETE GENERALE,"4 PL DE L HOTEL DE VILLE, 77400 LAGNY SUR MARNE",77400,48.8772205,2.7053358,agences-seine-et-marne-77
SG SOCIETE GENERALE,"CTRE CIAL DU PARC, 77150 LESIGNY",77150,48.7418044,2.6284733,agences-seine-et-marne-77
SG SOCIETE GENERALE,"06 ALL DE LA MIXITE, 77127 LIEUSAINT",77127,48.6157825,2.5433994,agences-seine-et-marne-77
SG SOCIETE GENERALE,"11 RUE RAOUL DE PRESLE, 77440 LIZY SUR OURCQ",77440,49.017455,3.050229,agences-seine-et-marne-77
SG SOCIETE GENERALE,"6 8 PL DES LIBERTES PUBLIQUES, 77185 LOGNES",77185,48.837504,2.6307044,agences-seine-et-marne-77
SG SOCIETE GENERALE,"13 RUE DES LABOURS, 77700 MAGNY LE HONGRE",77700,48.8782234,2.8129544,agences-seine-et-marne-77
SG SOCIETE GENERALE,"16 QU VICTOR HUGO, 77100 MEAUX",77100,48.9581125,2.8783454,agences-seine-et-marne-77
SG SOCIETE GENERALE,"C.C.HTS-DE-ST-LIESNE, 77000 MELUN",77000,48.523948,2.6888745,agences-seine-et-marne-77
SG SOCIETE GENERALE,"4 QU PASTEUR, 77000 MELUN",77000,48.5378696,2.6580243,agences-seine-et-marne-77
SG SOCIETE GENERALE,"10 AV FRANKLIN ROOSEVELT, 77290 MITRY MORY",77290,48.9550643,2.5938439,agences-seine-et-marne-77
SG SOCIETE GENERALE,"34 RUE PHILIPPE BUR, 77550 MOISSY CRAMAYEL",77550,48.6185526,2.6430061,agences-seine-et-marne-77
SG SOCIETE GENERALE,"80 RUE JEAN-JAURES, 77130 MONTEREAU FAULT YONNE",77130,48.3836841,2.9554334,agences-seine-et-marne-77
SG SOCIETE GENERALE,"30 RUE GRANDE, 77250 MORET LOING ET ORVANNE",77250,48.3730413,2.8168508,agences-seine-et-marne-77
SG SOCIETE GENERALE,"48 RUE CHARLES DE GAULLE, 77720 MORMANT",77720,48.605223,2.8934214,agences-seine-et-marne-77
SG SOCIETE GENERALE,"32 RUE GENERAL LECLERC, 77370 NANGIS",77370,48.5563579,3.0117023,agences-seine-et-marne-77
SG SOCIETE GENERALE,"52 RUE DE PARIS, 77140 NEMOURS",77140,48.267273,2.694685,agences-seine-et-marne-77
SG SOCIETE GENERALE,"34 AV DU GAL LECLERC, 77330 OZOIR LA FERRIERE",77330,48.7631645,2.678917,agences-seine-et-marne-77
SG SOCIETE GENERALE,"81 AV DU GAL DE GAULLE, 77340 PONTAULT COMBAULT",77340,48.7885,2.609667,agences-seine-et-marne-77
SG SOCIETE GENERALE,"21 PL SAINT-AYOUL, 77160 PROVINS",77160,48.585034,3.248409,agences-seine-et-marne-77
SG SOCIETE GENERALE,"5 RUE PASTEUR, 77680 ROISSY EN BRIE",77680,48.7909424,2.6552906,agences-seine-et-marne-77
SG SOCIETE GENERALE,"1 RUE DU 5 SEPT 1914, 77165 ST SOUPPLETS",77165,49.0271409,2.8056341,agences-seine-et-marne-77
SG SOCIETE GENERALE,"3 CRS DU DANUBE, 77700 SERRIS",77700,48.8565375,2.7777305,agences-seine-et-marne-77
SG SOCIETE GENERALE,"120 RUE JACQUES MADELIN, 77310 ST FARGEAU PONTHIERRY",77310,48.5311723,2.5468458,agences-seine-et-marne-77
SG SOCIETE GENERALE,"70 RUE DE PARIS, 77200 TORCY",77200,48.850615,2.649256,agences-seine-et-marne-77
SG SOCIETE GENERALE,"41 RUE DE PARIS, 77220 TOURNAN EN BRIE",77220,48.7393965,2.763452,agences-seine-et-marne-77
SG SOCIETE GENERALE,"3 B PL GAL DE GAULLE, 77360 VAIRES SUR MARNE",77360,48.8702275,2.6381628,agences-seine-et-marne-77
SG SOCIETE GENERALE,"93 RUE PASTEUR, 77240 VERT ST DENIS",77240,48.5655399,2.615276,agences-seine-et-marne-77
SG SOCIETE GENERALE,"162 AV CHARLES DE GAULLE, 77270 VILLEPARISIS",77270,48.9409617,2.6156473,agences-seine-et-marne-77
SG GRAND OUEST,"1 RUE JACQUES GALLEMAND, 76390 AUMALE",76390,49.7683557,1.754896,agences-seine-maritime-76
SG GRAND OUEST,"26 RUE L. LESEIGNEUR, 76360 BARENTIN",76360,49.5472075,0.921627,agences-seine-maritime-76
SG CREDIT DU NORD,"38 GRANDE RUE F. MITTERRAND, 76340 BLANGY SUR BRESLE",76340,49.9326076,1.629493,agences-seine-maritime-76
SG GRAND OUEST,"142 RUE DE LA REPUBLIQUE, 76230 BOIS-GUILLAUME",76230,49.4706511,1.1158262,agences-seine-maritime-76
SG GRAND OUEST,"4 PL CHARLES DE GAULLE, 76210 BOLBEC",76210,49.5727742,0.4725926,agences-seine-maritime-76
SG GRAND OUEST,"53 RUE SADI CARNOT, 76160 DARNETAL",76160,49.4407013,1.1467607,agences-seine-maritime-76
SG GRAND OUEST,"2 RUE SAINT JEAN, 76200 DIEPPE",76200,49.926265,1.0792882,agences-seine-maritime-76
SG GRAND OUEST,"29 B RUE HENRY, 76500 ELBEUF",76500,49.2907949,1.0078455,agences-seine-maritime-76
SG CREDIT DU NORD,"2 PL GUILLAUME LE CONQUERANT, 76260 EU",76260,50.0482182,1.4199846,agences-seine-maritime-76
SG GRAND OUEST,"23 PL CH.DE GAULLE, 76400 FECAMP",76400,49.7344509,0.4033217,agences-seine-maritime-76
SG CREDIT DU NORD,"1 PL DE LA REPUBLIQUE, 76440 FORGES LES EAUX",76440,49.6125569,1.5454612,agences-seine-maritime-76
SG GRAND OUEST,"6 RUE JEAN PREVOST, 76110 GODERVILLE",76110,49.6501023,0.3637346,agences-seine-maritime-76
SG CREDIT DU NORD,"12 PL DE LA LIBERATION, 76220 GOURNAY EN BRAY",76220,49.480654,1.7249692,agences-seine-maritime-76
SG GRAND OUEST,"2 PL VICTOR HUGO, 76700 HARFLEUR",76700,49.5062258,0.1987999,agences-seine-maritime-76
SG GRAND OUEST,"14 AV JF. KENNEDY, 76120 LE GRAND QUEVILLY",76120,49.4114708,1.0376934,agences-seine-maritime-76
SG GRAND OUEST,"2 PL LEON MEYER, 76600 LE HAVRE",76600,49.4922428,0.113291,agences-seine-maritime-76
SG GRAND OUEST,"16 RUE DU GENERAL MANGIN, 76620 LE HAVRE",76620,49.5181598,0.096629,agences-seine-maritime-76
SG GRAND OUEST,"231 AV DU 8 MAI 1945, 76610 LE HAVRE",76610,49.5115833,0.1752066,agences-seine-maritime-76
SG GRAND OUEST,"77 BD DE STRASBOURG, 76600 LE HAVRE",76600,49.4934577,0.1100859,agences-seine-maritime-76
SG GRAND OUEST,"202 RUE DE VERDUN, 76600 LE HAVRE",76600,49.5022681,0.162994,agences-seine-maritime-76
SG GRAND OUEST,"27 PL JENNER, 76620 LE HAVRE",76620,49.509219,0.1375637,agences-seine-maritime-76
SG GRAND OUEST,"52 RUE BERNARDIN DE ST PIERRE, 76600 LE HAVRE",76600,49.4909914,0.1053456,agences-seine-maritime-76
SG GRAND OUEST,"PL THIERS, 76600 LE HAVRE",76600,49.4974541,0.1113083,agences-seine-maritime-76
SG GRAND OUEST,"17 RUE ROMAIN ROLLAND, 76620 LE HAVRE",76620,49.5057416,0.1024405,agences-seine-maritime-76
SG GRAND OUEST,"98 RTE DE PARIS, 76240 LE MESNIL ESNARD",76240,49.4118361,1.1397836,agences-seine-maritime-76
SG GRAND OUEST,"1 BD DELATTRE TASSIGNY, 76170 LILLEBONNE",76170,49.5330323,0.5263218,agences-seine-maritime-76
SG GRAND OUEST,"33 PL RENE COTY, 76810 LUNERAY",76810,49.828879,0.9126433,agences-seine-maritime-76
SG GRAND OUEST,"PL JEAN JAURES, 76150 MAROMME",76150,49.4816943,1.0399728,agences-seine-maritime-76
SG GRAND OUEST,"43 RUE JACQUES BOUTROLLE, 76130 MONT ST AIGNAN",76130,49.4621583,1.0689207,agences-seine-maritime-76
SG GRAND OUEST,"33 RUE GAMBETTA, 76290 MONTIVILLIERS",76290,49.5439832,0.1922878,agences-seine-maritime-76
SG GRAND OUEST,"24 PL DE LA REPUBLIQUE, 76710 MONTVILLE",76710,49.548431,1.074256,agences-seine-maritime-76
SG GRAND OUEST,"2 GR ST JACQUES, 76270 NEUFCHATEL EN BRAY",76270,49.7329721,1.443311,agences-seine-maritime-76
SG GRAND OUEST,"RUE DU MARECHAL FOCH, 76350 OISSEL",76350,49.3426719,1.1005939,agences-seine-maritime-76
SG GRAND OUEST,"31 RUE JEAN MAILLARD, 76570 PAVILLY",76570,49.5678871,0.9547263,agences-seine-maritime-76
SG GRAND OUEST,"21 AV JEAN JAURES, 76140 LE PETIT QUEVILLY",76140,49.4277873,1.068155,agences-seine-maritime-76
SG GRAND OUEST,"RUE DE LA REPUBLIQUE, 76330 PORT JEROME SUR SEINE",76330,49.4904098,0.5632871,agences-seine-maritime-76
SG GRAND OUEST,"2493 RTE DE NEUFCHATEL, 76230 QUINCAMPOIX",76230,49.5227865,1.1872745,agences-seine-maritime-76
SG GRAND OUEST,"6 RUE DE LA POISSONNERIE, 76490 RIVES EN SEINE",76490,49.5247706,0.7250239,agences-seine-maritime-76
SG GRAND OUEST,"34 RUE JEANNE D'ARC, 76000 ROUEN",76000,49.4492566,1.094586,agences-seine-maritime-76
SG GRAND OUEST,"106 RUE JEANNE D'ARC, 76000 ROUEN",76000,49.4468399,1.0936042,agences-seine-maritime-76
SG GRAND OUEST,"2 RUE DU GRAND PONT, 76000 ROUEN",76000,49.4454004,1.0938965,agences-seine-maritime-76
SG GRAND OUEST,"122 RUE SAINT-SEVER, 76100 ROUEN",76100,49.4318761,1.0868865,agences-seine-maritime-76
SG GRAND OUEST,"10 PL SAINT-MARC, 76000 ROUEN",76000,49.4379253,1.101472,agences-seine-maritime-76
SG GRAND OUEST,"79 PL DE LA LIBERATION, 76510 ST NICOLAS D ALIERMONT",76510,49.8784563,1.2205188,agences-seine-maritime-76
SG GRAND OUEST,"16 PL THEODULE BENOIST, 76430 ST ROMAIN DE COLBOSC",76430,49.5297136,0.3584571,agences-seine-maritime-76
SG GRAND OUEST,"17 PL DE LA CHAPELLE, 76460 ST VALERY EN CAUX",76460,49.8693973,0.7138735,agences-seine-maritime-76
SG GRAND OUEST,"100 RUE GENERAL DEGAULLE, 76310 STE ADRESSE",76310,49.5097607,0.0769943,agences-seine-maritime-76
SG GRAND OUEST,"1 PL DE L'HOTEL DE VILLE, 76300 SOTTEVILLE LES ROUEN",76300,49.4156559,1.0911837,agences-seine-maritime-76
SG GRAND OUEST,"12 RUE CAMILLE ST SAENS, 76190 YVETOT",76190,49.6179834,0.7545896,agences-seine-maritime-76
SG SOCIETE GENERALE,"16 AV DE LA REPUBLIQUE, 93300 AUBERVILLIERS",93300,48.912632,2.383106,agences-seine-saint-denis-93
SG SOCIETE GENERALE,"19 BD DE STRASBOURG, 93600 AULNAY SOUS BOIS",93600,48.928925,2.49214,agences-seine-saint-denis-93
SG SOCIETE GENERALE,"19 RUE JACQUES-DUCLOS, 93600 AULNAY SOUS BOIS",93600,48.942848,2.4964354,agences-seine-saint-denis-93
SG SOCIETE GENERALE,"1 PROMENADE JEAN ROSTAND, 93000 BOBIGNY",93000,48.9093305,2.4542383,agences-seine-saint-denis-93
SG SOCIETE GENERALE,"29 B RUE AUGUSTE POLLISSARD, 93140 BONDY",93140,48.9054623,2.4832246,agences-seine-saint-denis-93
SG SOCIETE GENERALE,"10 AV H.BARBUSSE, 93700 DRANCY",93700,48.9220882,2.442972,agences-seine-saint-denis-93
SG SOCIETE GENERALE,"55 RUE DE PARIS, 93800 EPINAY SUR SEINE",93800,48.9558139,2.3059658,agences-seine-saint-denis-93
SG SOCIETE GENERALE,"8 RUE HENRI BARBUSSE, 93220 GAGNY",93220,48.8802556,2.5466325,agences-seine-saint-denis-93
SG SOCIETE GENERALE,"8 AV PAUL DOUMER, 93460 GOURNAY SUR MARNE",93460,48.863002,2.576849,agences-seine-saint-denis-93
SG SOCIETE GENERALE,"59 AV P.V. COUTURIER, 93120 LA COURNEUVE",93120,48.9286328,2.3955041,agences-seine-saint-denis-93
SG SOCIETE GENERALE,"20 AV P ET M CURIE, 93150 LE BLANC MESNIL",93150,48.9363579,2.46317,agences-seine-saint-denis-93
SG SOCIETE GENERALE,"81 AV DE LA DIVISION LECLERC, 93350 LE BOURGET",93350,48.9362787,2.4269649,agences-seine-saint-denis-93
SG SOCIETE GENERALE,"32 AV LA RESISTANCE, 93340 LE RAINCY",93340,48.89295,2.513023,agences-seine-saint-denis-93
SG SOCIETE GENERALE,"48 RUE DE PARIS, 93260 LES LILAS",93260,48.8803482,2.4180249,agences-seine-saint-denis-93
SG SOCIETE GENERALE,"15 AV DU CONSUL DU GAL NORDLIN, 93190 LIVRY GARGAN",93190,48.9192247,2.5341266,agences-seine-saint-denis-93
SG SOCIETE GENERALE,"56 RUE HENRI BARBUSSE, 93370 MONTFERMEIL",93370,48.9009077,2.568812,agences-seine-saint-denis-93
SG SOCIETE GENERALE,"119 BD DE LA BOISSIERE, 93100 MONTREUIL",93100,48.877992,2.458287,agences-seine-saint-denis-93
SG SOCIETE GENERALE,"32 BD P.V. COUTURIER, 93100 MONTREUIL",93100,48.8625632,2.464284,agences-seine-saint-denis-93
SG SOCIETE GENERALE,"2 AV PAUL LANGEVIN, 93100 MONTREUIL",93100,48.8576463,2.4352898,agences-seine-saint-denis-93
SG SOCIETE GENERALE,"CENTRE CIAL FAUVETTES, 93330 NEUILLY SUR MARNE",93330,48.8609052,2.5287404,agences-seine-saint-denis-93
SG SOCIETE GENERALE,"14 RUE GAL DE GAULLE, 93360 NEUILLY PLAISANCE",93360,48.8642995,2.5084759,agences-seine-saint-denis-93
SG SOCIETE GENERALE,"71 AV MEDERIC, 93160 NOISY LE GRAND",93160,48.8297203,2.5776783,agences-seine-saint-denis-93
SG SOCIETE GENERALE,"14 RUE JEAN JAURES, 93130 NOISY LE SEC",93130,48.891129,2.454408,agences-seine-saint-denis-93
SG SOCIETE GENERALE,"19 AV EMILE COSSONNEAU, 93160 NOISY LE GRAND",93160,48.848982,2.55843,agences-seine-saint-denis-93
SG SOCIETE GENERALE,"42 AV ARISTIDE BRIAND, 93160 NOISY LE GRAND",93160,48.846968,2.552883,agences-seine-saint-denis-93
SG SOCIETE GENERALE,"65 AV JEAN LOLIVE, 93500 PANTIN",93500,48.8916833,2.404586,agences-seine-saint-denis-93
SG SOCIETE GENERALE,"153 AV J. LOLIVE, 93500 PANTIN",93500,48.8978877,2.4032454,agences-seine-saint-denis-93
SG SOCIETE GENERALE,"56 AV VICTOR HUGO, 93320 LES PAVILLONS SOUS BOIS",93320,48.909033,2.515811,agences-seine-saint-denis-93
SG SOCIETE GENERALE,"4 PL DE LA LIBERATION, 93380 PIERREFITTE SUR SEINE",93380,48.9637565,2.3599716,agences-seine-saint-denis-93
SG SOCIETE GENERALE,"95 RUE DE LA REPUBLIQUE, 93230 ROMAINVILLE",93230,48.880389,2.436667,agences-seine-saint-denis-93
SG SOCIETE GENERALE,"7 RUE GENERAL GALLIENI, 93110 ROSNY SOUS BOIS",93110,48.873638,2.483796,agences-seine-saint-denis-93
SG SOCIETE GENERALE,"11 PL JEAN JAURES, 93200 ST DENIS",93200,48.9118044,2.3349941,agences-seine-saint-denis-93
SG SOCIETE GENERALE,"26 BD JULES GUESDE, 93200 ST DENIS",93200,48.9354474,2.3502402,agences-seine-saint-denis-93
SG SOCIETE GENERALE,"53 BD VICTOR HUGO, 93400 ST OUEN SUR SEINE",93400,48.909182,2.331207,agences-seine-saint-denis-93
SG SOCIETE GENERALE,"6 PL GASTON BUSSIERE, 93270 SEVRAN",93270,48.9376861,2.5302047,agences-seine-saint-denis-93
SG SOCIETE GENERALE,"168 BD ANATOLE FRANCE, 93200 ST DENIS",93200,48.9200441,2.3435236,agences-seine-saint-denis-93
SG SOCIETE GENERALE,"17 AV FRANCOIS MITTERRAND, 93200 ST DENIS",93200,48.9180685,2.3524756,agences-seine-saint-denis-93
SG SOCIETE GENERALE,"6 RUE CARNOT, 93240 STAINS",93240,48.9561156,2.3825221,agences-seine-saint-denis-93
SG SOCIETE GENERALE,"16 AV PASTEUR, 93290 TREMBLAY EN FRANCE",93290,48.9421864,2.5721689,agences-seine-saint-denis-93
SG SOCIETE GENERALE,"22 AV DES NATIONS, 93420 VILLEPINTE",93420,48.9729024,2.5100716,agences-seine-saint-denis-93
SG CREDIT DU NORD,"21 PL MAX LEJEUNE, 80100 ABBEVILLE",80100,50.1062431,1.8336734,agences-somme-80
SG CREDIT DU NORD,"6 RUE GAMBETTA, 80300 ALBERT",80300,50.003864,2.647322,agences-somme-80
SG CREDIT DU NORD,"47 RUE TROIS CAILLOUX, 80000 AMIENS",80000,49.8987005,2.272457,agences-somme-80
SG CREDIT DU NORD,"481 RTE D ABBEVILLE, 80000 AMIENS",80000,49.9809635,2.063351,agences-somme-80
SG CREDIT DU NORD,"69 RUE DES JACOBINS, 80000 AMIENS",80000,49.8907674,2.301432,agences-somme-80
SG CREDIT DU NORD,"32 RUE DOULLENS, 80000 AMIENS",80000,49.9046785,2.3068511,agences-somme-80
SG CREDIT DU NORD,"9 BD AMBROISE PARE, 80000 AMIENS",80000,49.8752266,2.2715918,agences-somme-80
SG CREDIT DU NORD,"22 RUE MARCELLIN TRUQUIN, 80800 CORBIE",80800,49.9078692,2.5116875,agences-somme-80
SG CREDIT DU NORD,"54 RUE DU COMMANDEMENT UNIQUE, 80600 DOULLENS",80600,50.1569967,2.3407751,agences-somme-80
SG CREDIT DU NORD,"11 RUE ROGER GODARD, 80420 FLIXECOURT",80420,50.0151335,2.0807205,agences-somme-80
SG CREDIT DU NORD,"46 PL JEAN JAURES, 80130 FRIVILLE ESCARBOTIN",80130,50.09062,1.550983,agences-somme-80
SG CREDIT DU NORD,"8 PL DE L'HOTEL DE VILLE, 80400 HAM",80400,49.7482043,3.0720359,agences-somme-80
SG CREDIT DU NORD,"7 PL PARMENTIER, 80500 MONTDIDIER",80500,49.6485178,2.5670434,agences-somme-80
SG CREDIT DU NORD,"1 RUE VICTOR GAILLARD, 80110 MOREUIL",80110,49.7741418,2.4806394,agences-somme-80
SG CREDIT DU NORD,"PL DU MARECHAL LECLERC, 80190 NESLE",80190,,,agences-somme-80
SG CREDIT DU NORD,"23 PL LOUIS DAUDRE, 80200 PERONNE",80200,49.9292552,2.9348649,agences-somme-80
SG CREDIT DU NORD,"10 RUE JEAN JAURES, 80170 ROSIERES EN SANTERRE",80170,49.8147609,2.7041171,agences-somme-80
SG CREDIT DU NORD,"9 BD DU GENERAL LECLERC, 80700 ROYE",80700,49.6986152,2.7918908,agences-somme-80
SG CREDIT DU NORD,"1 AV GASTON CAUDRON, 80120 RUE",80120,50.2895571,1.6669333,agences-somme-80
SG COURTOIS,"RUE FRANCISCO GOYA, 81000 ALBI",81000,43.9350093,2.1680719,agences-tarn-81
SG COURTOIS,"45 PL DU VIGAN, 81000 ALBI",81000,43.9272314,2.1478296,agences-tarn-81
SG COURTOIS,"16 PL JEAN JAURES, 81400 CARMAUX",81400,44.0502471,2.1565207,agences-tarn-81
SG COURTOIS,"8 BD CARNOT, 81100 CASTRES",81100,43.6066433,2.2450529,agences-tarn-81
SG COURTOIS,"6 RTE DE TOULOUSE, 81100 CASTRES",81100,43.5529753,2.1142533,agences-tarn-81
SG COURTOIS,"3 BD GAMBETTA, 81600 GAILLAC",81600,43.899469,1.898913,agences-tarn-81
SG COURTOIS,"2 B AV GAMBETTA, 81300 GRAULHET",81300,43.7606009,1.9890651,agences-tarn-81
SG COURTOIS,"7 CHE DE LA BOURIATTE, 81210 LACROUZETTE",81210,43.6616671,2.3482119,agences-tarn-81
SG COURTOIS,"2 AV PIERRE FABRE, 81500 LAVAUR",81500,43.6962363,1.8160724,agences-tarn-81
SG COURTOIS,"30 BD BARBEY, 81200 MAZAMET",81200,43.4909703,2.3710158,agences-tarn-81
SG COURTOIS,"2 AV PASTEUR, 81370 ST SULPICE LA POINTE",81370,43.7730774,1.6853275,agences-tarn-81
SG COURTOIS,"8 PL DES BELGES, 82100 CASTELSARRASIN",82100,44.03972,1.1087747,agences-tarn-et-garonne-82
SG COURTOIS,"25 BD LEONCE GRANIER, 82300 CAUSSADE",82300,44.1574844,1.5109764,agences-tarn-et-garonne-82
SG COURTOIS,"24 RUE JEAN MOURA, 82200 MOISSAC",82200,44.1023252,1.0859379,agences-tarn-et-garonne-82
SG COURTOIS,"5 RUE DE LA REPUBLIQUE, 82000 MONTAUBAN",82000,44.018415,1.3513146,agences-tarn-et-garonne-82
SG COURTOIS,"390 AV DE PARIS, 82000 MONTAUBAN",82000,44.0336219,1.3755711,agences-tarn-et-garonne-82
SG SUD OUEST,"30 PL J.B. CHAUMEIL, 82400 VALENCE D AGEN",82400,44.1111111,0.8902778,agences-tarn-et-garonne-82
SG GRAND EST,"4 BD CARNOT, 90000 BELFORT",90000,47.637933,6.8593486,agences-territoire-de-belfort-90
SG SOCIETE GENERALE,"4 AV GABRIEL PERI, 95100 ARGENTEUIL",95100,48.9463912,2.2488069,agences-val-d-oise-95
SG SOCIETE GENERALE,"111 AV MAURICE UTRILLO, 95100 ARGENTEUIL",95100,48.9448702,2.2339669,agences-val-d-oise-95
SG SOCIETE GENERALE,"3 RUE JEAN LAUGERE, 95400 ARNOUVILLE",95400,48.9864209,2.4193759,agences-val-d-oise-95
SG SOCIETE GENERALE,"17 R DU GAL DE GAULLE, 95430 AUVERS SUR OISE",95430,49.0847325,2.1668392,agences-val-d-oise-95
SG SOCIETE GENERALE,"155 CHAUSSEE J. CESAR, 95250 BEAUCHAMP",95250,49.0135263,2.1898209,agences-val-d-oise-95
SG SOCIETE GENERALE,"21 RUE NATIONALE, 95260 BEAUMONT SUR OISE",95260,49.1436047,2.2846798,agences-val-d-oise-95
SG SOCIETE GENERALE,"1 AV DE PARIS, 95550 BESSANCOURT",95550,49.0316057,2.2169614,agences-val-d-oise-95
SG SOCIETE GENERALE,"68 RUE ED VAILLANT, 95870 BEZONS",95870,48.9248095,2.2154111,agences-val-d-oise-95
SG SOCIETE GENERALE,"9 ESPLANADE DE LA GARE, 95000 CERGY",95000,49.0278361,2.0654275,agences-val-d-oise-95
SG SOCIETE GENERALE,"1 RUE DU LENDEMAIN, 95800 CERGY",95800,49.0491211,2.0121478,agences-val-d-oise-95
SG SOCIETE GENERALE,"9 AV MONDETOUR, 95800 CERGY",95800,49.0466694,2.0344873,agences-val-d-oise-95
SG SOCIETE GENERALE,"3 AV FOCH, 95240 CORMEILLES EN PARISIS",95240,48.9690559,2.1938074,agences-val-d-oise-95
SG SOCIETE GENERALE,"CTE CAL MORTEFONTAINES, 95170 DEUIL LA BARRE",95170,48.9703624,2.3231092,agences-val-d-oise-95
SG SOCIETE GENERALE,"50 AV JEAN JAURES, 95330 DOMONT",95330,49.0335716,2.3409172,agences-val-d-oise-95
SG SOCIETE GENERALE,"5 AV DE L'EUROPE, 95600 EAUBONNE",95600,48.9916618,2.2757548,agences-val-d-oise-95
SG SOCIETE GENERALE,"59 RUE DU GAL DE GAULLE, 95880 ENGHIEN LES BAINS",95880,48.9706056,2.3016176,agences-val-d-oise-95
SG SOCIETE GENERALE,"3 PL DU MAL FOCH, 95880 ENGHIEN LES BAINS",95880,48.9718831,2.309703,agences-val-d-oise-95
SG SOCIETE GENERALE,"8 RUE ROBERT SCHUMAN, 95880 ENGHIEN LES BAINS",95880,48.9701793,2.3088686,agences-val-d-oise-95
SG SOCIETE GENERALE,"CTRE CIAL LA CHALLE, 95610 ERAGNY SUR OISE",95610,,,agences-val-d-oise-95
SG SOCIETE GENERALE,"4 RUE DU 18 JUIN, 95120 ERMONT",95120,48.9895623,2.2581573,agences-val-d-oise-95
SG SOCIETE GENERALE,"1 T AV C.LAVERDURE, 95470 FOSSES",95470,49.0983163,2.5011802,agences-val-d-oise-95
SG SOCIETE GENERALE,"99 RUE DU GAL LECLERC, 95130 FRANCONVILLE LA GARENNE",95130,48.9920347,2.2249802,agences-val-d-oise-95
SG SOCIETE GENERALE,"73 RUE DE PARIS, 95500 GONESSE",95500,48.9861463,2.4481945,agences-val-d-oise-95
SG SOCIETE GENERALE,"129 AV P.V COUTURIER, 95190 GOUSSAINVILLE",95190,49.0345561,2.4621351,agences-val-d-oise-95
SG SOCIETE GENERALE,"21 RUE DU GAL DE GAULLE, 95220 HERBLAY SUR SEINE",95220,49.0251259,2.1198693,agences-val-d-oise-95
SG SOCIETE GENERALE,"14 PL DU BIEN ETRE, 95280 JOUY LE MOUTIER",95280,49.0100394,2.0414271,agences-val-d-oise-95
SG SOCIETE GENERALE,"23 GRANDE RUE, 95290 L ISLE ADAM",95290,49.1124008,2.2154189,agences-val-d-oise-95
SG SOCIETE GENERALE,"7 RUE DE LA CHARRUE, 95380 LOUVRES",95380,49.0506843,2.5019246,agences-val-d-oise-95
SG SOCIETE GENERALE,"21 RUE DU CERF, 95270 LUZARCHES",95270,49.1123702,2.4225948,agences-val-d-oise-95
SG SOCIETE GENERALE,"1 RUE DE BEAUVAIS, 95420 MAGNY EN VEXIN",95420,49.1592924,1.7958349,agences-val-d-oise-95
SG SOCIETE GENERALE,"17 RUE DU GENERAL DE GAULLE, 95640 MARINES",95640,49.1444344,1.979204,agences-val-d-oise-95
SG SOCIETE GENERALE,"1 AV EMILE, 95160 MONTMORENCY",95160,48.9920201,2.319594,agences-val-d-oise-95
SG SOCIETE GENERALE,"19 AV ARISTIDE BRIAND, 95520 OSNY",95520,49.0607166,2.0595954,agences-val-d-oise-95
SG SOCIETE GENERALE,"6 RUE HOTEL DE VILLE, 95300 PONTOISE",95300,49.050162,2.0982017,agences-val-d-oise-95
SG SOCIETE GENERALE,"1 AV DE LA GARE, 95320 ST LEU LA FORET",95320,49.0160141,2.242944,agences-val-d-oise-95
SG SOCIETE GENERALE,"19 RUE DU GAL LECLERC, 95310 ST OUEN L AUMONE",95310,49.0450571,2.1263007,agences-val-d-oise-95
SG SOCIETE GENERALE,"38 BD CH. DE GAULLE, 95110 SANNOIS",95110,48.9731583,2.2514977,agences-val-d-oise-95
SG SOCIETE GENERALE,"6 PL JEAN MOULIN, 95200 SARCELLES",95200,49.0993775,2.5247518,agences-val-d-oise-95
SG SOCIETE GENERALE,"28 AV DE PARIS, 95230 SOISY SOUS MONTMORENCY",95230,48.9898586,2.2901732,agences-val-d-oise-95
SG SOCIETE GENERALE,"RUE RENE CASSIN, 95350 ST BRICE SOUS FORET",95350,49.0067508,2.3502757,agences-val-d-oise-95
SG SOCIETE GENERALE,"1 RUE DU GAL LECLERC, 95210 ST GRATIEN",95210,48.967982,2.2853359,agences-val-d-oise-95
SG SOCIETE GENERALE,"AV VERDUN, 95150 TAVERNY",95150,49.0166434,2.2084264,agences-val-d-oise-95
SG SOCIETE GENERALE,"189 RUE DE PARIS, 95150 TAVERNY",95150,49.0262574,2.2249256,agences-val-d-oise-95
SG SOCIETE GENERALE,"105 BD DE L'OISE, 95490 VAUREAL",95490,49.0304339,2.0221771,agences-val-d-oise-95
SG SOCIETE GENERALE,"32 RUE DE PARIS, 95270 VIARMES",95270,49.1256492,2.3698912,agences-val-d-oise-95
SG SOCIETE GENERALE,"178 RUE P.V. COUTURIER, 94140 ALFORTVILLE",94140,48.8039116,2.4185535,agences-val-de-marne-94
SG SOCIETE GENERALE,"29 AV SALVADOR ALLENDE, 94110 ARCUEIL",94110,48.81051,2.329894,agences-val-de-marne-94
SG SOCIETE GENERALE,"36 RUE DE PARIS, 94470 BOISSY ST LEGER",94470,48.7494021,2.5121211,agences-val-de-marne-94
SG SOCIETE GENERALE,"5 GDE RUE CH DE GAULLE, 94360 BRY SUR MARNE",94360,48.8367023,2.5264897,agences-val-de-marne-94
SG SOCIETE GENERALE,"5 RUE C. DESMOULINS, 94230 CACHAN",94230,48.7920445,2.3318186,agences-val-de-marne-94
SG SOCIETE GENERALE,"4 RUE DIMITROV, 94500 CHAMPIGNY SUR MARNE",94500,48.812826,2.509694,agences-val-de-marne-94
SG SOCIETE GENERALE,"35 AV MAL DE TASSIGNY, 94220 CHARENTON LE PONT",94220,48.8181043,2.4119626,agences-val-de-marne-94
SG SOCIETE GENERALE,"5 PL DE MARSEILLAIS, 94220 CHARENTON LE PONT",94220,48.8181043,2.4119626,agences-val-de-marne-94
SG SOCIETE GENERALE,"42 RUE A. BRIAND, 94430 CHENNEVIERES SUR MARNE",94430,48.8016553,2.5369696,agences-val-de-marne-94
SG SOCIETE GENERALE,"4 AV ANATOLE FRANCE, 94600 CHOISY LE ROI",94600,48.764852,2.4095552,agences-val-de-marne-94
SG SOCIETE GENERALE,"3 B RUE DES ARCHIVES, 94000 CRETEIL",94000,48.7837301,2.4559322,agences-val-de-marne-94
SG SOCIETE GENERALE,"83 RUE DU GENERAL LECLERC, 94000 CRETEIL",94000,48.7902625,2.4656152,agences-val-de-marne-94
SG SOCIETE GENERALE,"6 ALL DES SABLONS, 94120 FONTENAY SOUS BOIS",94120,48.8534708,2.4903139,agences-val-de-marne-94
SG SOCIETE GENERALE,"131 RUE DALAYRAC, 94120 FONTENAY SOUS BOIS",94120,48.8491001,2.4597581,agences-val-de-marne-94
SG SOCIETE GENERALE,"4 PL PIERRE CURIE, 94260 FRESNES",94260,48.7549812,2.3225807,agences-val-de-marne-94
SG SOCIETE GENERALE,"53 RUE CHARLES FREROT, 94250 GENTILLY",94250,48.81528,2.349771,agences-val-de-marne-94
SG SOCIETE GENERALE,"103 AV GEORGES GOSNAT, 94200 IVRY SUR SEINE",94200,48.8114067,2.3845815,agences-val-de-marne-94
SG SOCIETE GENERALE,"11 RUE DE PARIS, 94340 JOINVILLE LE PONT",94340,48.8187775,2.4658001,agences-val-de-marne-94
SG SOCIETE GENERALE,"1 AV GENERAL GALLIENI, 94340 JOINVILLE LE PONT",94340,48.8200725,2.4780938,agences-val-de-marne-94
SG SOCIETE GENERALE,"95 BD P V COUTURIER, 94240 L HAY LES ROSES",94240,48.7782057,2.3415505,agences-val-de-marne-94
SG SOCIETE GENERALE,"75 AV DU BAC, 94210 ST MAUR DES FOSSES",94210,48.793807,2.5137307,agences-val-de-marne-94
SG SOCIETE GENERALE,"22 AV EUGENE THOMAS, 94270 LE KREMLIN BICETRE",94270,48.809951,2.359217,agences-val-de-marne-94
SG SOCIETE GENERALE,"121 AV GAL DE GAULLE, 94170 LE PERREUX SUR MARNE",94170,48.8429194,2.5041416,agences-val-de-marne-94
SG SOCIETE GENERALE,"38 AV ARDOUIN, 94420 LE PLESSIS TREVISE",94420,48.8087938,2.5738623,agences-val-de-marne-94
SG SOCIETE GENERALE,"166 RUE JEAN JAURES, 94700 MAISONS ALFORT",94700,48.7976585,2.4330698,agences-val-de-marne-94
SG SOCIETE GENERALE,"62 AV GEORG.CLEMENCEAU, 94700 MAISONS ALFORT",94700,48.8069419,2.4356835,agences-val-de-marne-94
SG SOCIETE GENERALE,"99 AV DU GAL LECLERC, 94700 MAISONS ALFORT",94700,48.8069419,2.4356835,agences-val-de-marne-94
SG SOCIETE GENERALE,"7 BD DE STRASBOURG, 94130 NOGENT SUR MARNE",94130,48.8393732,2.4798938,agences-val-de-marne-94
SG SOCIETE GENERALE,"2 RUE DE COULMIERS, 94130 NOGENT SUR MARNE",94130,48.8385636,2.492474,agences-val-de-marne-94
SG SOCIETE GENERALE,"8 PL GASTON VIENS, 94310 ORLY",94310,48.744463,2.4079798,agences-val-de-marne-94
SG SOCIETE GENERALE,"54 RUE DE LA TOUR, 94150 RUNGIS",94150,48.750392,2.3456957,agences-val-de-marne-94
SG SOCIETE GENERALE,"5 PL CHARLES DIGEON, 94160 ST MANDE",94160,48.8437883,2.4183092,agences-val-de-marne-94
SG SOCIETE GENERALE,"9 RUE DES REMISES, 94100 ST MAUR DES FOSSES",94100,48.8066905,2.4735344,agences-val-de-marne-94
SG SOCIETE GENERALE,"19 AV CH. DE GAULLE, 94100 ST MAUR DES FOSSES",94100,48.8007171,2.4871004,agences-val-de-marne-94
SG SOCIETE GENERALE,"2 B RUE M. BERTEAUX, 94370 SUCY EN BRIE",94370,48.7700009,2.52269,agences-val-de-marne-94
SG SOCIETE GENERALE,"9 RUE MAUREPAS, 94320 THIAIS",94320,48.7645446,2.3903221,agences-val-de-marne-94
SG SOCIETE GENERALE,"BELLE EPINE 155, 94320 THIAIS",94320,48.7568101,2.3718064,agences-val-de-marne-94
SG SOCIETE GENERALE,"AV MARECHAL JOFFRE, 94120 FONTENAY SOUS BOIS",94120,48.8531467,2.476383,agences-val-de-marne-94
SG SOCIETE GENERALE,"RUE DU MANOIR D ATTILLY, 94440 VILLECRESNES",94440,48.7198268,2.5357027,agences-val-de-marne-94
SG SOCIETE GENERALE,"8 RUE GEORGES LE BIGOT, 94800 VILLEJUIF",94800,48.7919074,2.365252,agences-val-de-marne-94
SG SOCIETE GENERALE,"9 RUE GABRIEL PERI, 94290 VILLENEUVE LE ROI",94290,48.7358775,2.4204538,agences-val-de-marne-94
SG SOCIETE GENERALE,"2 2B RUE DE VERDUN, 94190 VILLENEUVE ST GEORGES",94190,48.7303237,2.4476518,agences-val-de-marne-94
SG SOCIETE GENERALE,"47 RUE DU GAL DE GAULLE, 94350 VILLIERS SUR MARNE",94350,48.8262882,2.544148,agences-val-de-marne-94
SG SOCIETE GENERALE,"13 RUE DE MONTREUIL, 94300 VINCENNES",94300,48.8465232,2.4346163,agences-val-de-marne-94
SG SOCIETE GENERALE,"58 AV DE PARIS, 94300 VINCENNES",94300,48.8448706,2.4351573,agences-val-de-marne-94
SG SOCIETE GENERALE,"13 RUE ABBE ROGER DERRY, 94400 VITRY SUR SEINE",94400,48.7933336,2.3958139,agences-val-de-marne-94
SG SOCIETE GENERALE,"27 AV P.V. COUTURIER, 94400 VITRY SUR SEINE",94400,48.7933336,2.3958139,agences-val-de-marne-94
SG SMC,"RES LA RADE D'AGAY, 83530 ST RAPHAEL",83530,43.4401866,6.8738535,agences-var-83
SG SMC,"1 AV JEAN JAURES, 83460 LES ARCS",83460,43.4588581,6.4805924,agences-var-83
SG SMC,"13 ALL JEAN MOULIN, 83150 BANDOL",83150,43.1358739,5.7549511,agences-var-83
SG SMC,"56 RUE DR BARBAROUX, 83170 BRIGNOLES",83170,43.3967861,5.9981594,agences-var-83
SG SMC,"RTE DEPARTEMENTALE 562, 83440 CALLIAN",83440,43.6288155,0.2765967,agences-var-83
SG SMC,"13 AV JEAN JAURES, 83320 CARQUEIRANNE",83320,43.0938418,6.075481,agences-var-83
SG SMC,"149 RUE DU PORT, 83240 CAVALAIRE SUR MER",83240,43.171786,6.5328297,agences-var-83
SG SMC,"8 AV G. CLEMENCEAU, 83310 COGOLIN",83310,43.2523671,6.5366585,agences-var-83
SG SMC,"12 AV GEORGES CLEMENCEAU, 83310 COGOLIN",83310,43.2511697,6.5355729,agences-var-83
SG SMC,"1 RUE PAUL BERT, 83390 CUERS",83390,43.2379603,6.0726925,agences-var-83
SG SMC,"2 BD GEORGES CLEMENCEAU, 83300 DRAGUIGNAN",83300,43.493201,6.3627424,agences-var-83
SG SMC,"266 AV LATTRE DE TASSIGNY, 83600 FREJUS",83600,43.4330567,6.7463554,agences-var-83
SG SMC,"26 AV DES EMERAUDES, 83600 FREJUS",83600,43.4494284,6.7566869,agences-var-83
SG SMC,"QUARTIER SAINT-PIERRE, 83136 GAREOULT",83136,43.3277447,6.0474103,agences-var-83
SG SMC,"8 AV JOSEPH CLOTIS, 83400 HYERES",83400,43.1199377,6.1291071,agences-var-83
SG SMC,"41 AV ALEXIS GODILLOT, 83400 HYERES",83400,43.1110532,6.1242015,agences-var-83
SG SMC,"9 RUE DE L'ASP FRANCOIS PHILIPPE, 83260 LA CRAU",83260,43.1706245,6.097883,agences-var-83
SG SMC,"RUE LOUIS MARTIN, 83420 LA CROIX VALMER",83420,43.2075627,6.5682597,agences-var-83
SG SMC,"88 AV SADI CARNOT, 83130 LA GARDE",83130,43.1234751,6.0047723,agences-var-83
SG SMC,"1041 AV DE DRAGUIGNAN, 83130 LA GARDE",83130,43.1442006,6.0386408,agences-var-83
SG SMC,"23 AV DU GAL DE GAULLE, 83250 LA LONDE LES MAURES",83250,43.1639028,6.2445299,agences-var-83
SG SMC,"RUE RENAUDEL, 83500 LA SEYNE SUR MER",83500,43.1031049,5.8806808,agences-var-83
SG SMC,"146 AV TREMOLIERES, 83160 LA VALETTE DU VAR",83160,43.1488261,5.999425,agences-var-83
SG SMC,"7 R DU CHANOINE BOEUF, 83330 LE BEAUSSET",83330,43.1968727,5.8007669,agences-var-83
SG SMC,"RUE PIERRES PRECIEUSES, 83980 LE LAVANDOU",83980,43.1371501,6.3664807,agences-var-83
SG SMC,"13 PL DE LA LIBERTE, 83340 LE LUC",83340,43.3946752,6.3126964,agences-var-83
SG SMC,"30 BD DES FERRIERES, 83490 LE MUY",83490,43.47488,6.5519681,agences-var-83
SG SMC,"AV GABRIEL PERI, 83220 LE PRADET",83220,43.1065543,6.0242941,agences-var-83
SG SMC,"19 AV DE TOULON, 83510 LORGUES",83510,43.4920318,6.3571905,agences-var-83
SG SMC,"212 CHE DES DELPHINIUMS, 83190 OLLIOULES",83190,43.1383949,5.8541865,agences-var-83
SG SMC,"569 RUE DU GENERAL DE GAULLE, 83480 PUGET SUR ARGENS",83480,43.4532883,6.6900357,agences-var-83
SG SMC,"ZAC BENIERE, 83270 ST CYR SUR MER",83270,43.1699938,5.7133973,agences-var-83
SG SMC,"ZAC BENIERE LES PRADEAUX, 83270 ST CYR SUR MER",83270,43.1699938,5.7133973,agences-var-83
SG SMC,"66 BD FELIX MARTIN, 83700 ST RAPHAEL",83700,43.4233475,6.7672614,agences-var-83
SG SMC,"QUAI GABRIEL PERI, 83990 ST TROPEZ",83990,43.2712231,6.6380809,agences-var-83
SG SMC,"23 CRS THEODORE BOUGE, 83690 SALERNES",83690,43.5633032,6.233855,agences-var-83
SG SMC,"13 BD ESTIENNE D'ORVES, 83110 SANARY SUR MER",83110,43.116626,5.8046862,agences-var-83
SG SMC,"AV DU GENERAL DE GAULLE, 83500 LA SEYNE SUR MER",83500,43.083821,5.8738187,agences-var-83
SG SMC,"95 RUE DE LA REPUBLIQUE, 83140 SIX FOURS LES PLAGES",83140,43.0934973,5.8381519,agences-var-83
SG SMC,"4 RUE DE LA REPUBLIQUE, 83210 SOLLIES PONT",83210,43.1873988,6.0398605,agences-var-83
SG SMC,"20 PL MALHERBE, 83470 ST MAXIMIN LA STE BAUME",83470,43.4530286,5.860318,agences-var-83
SG SMC,"37 ALL DE VAULONGUE, 83700 ST RAPHAEL",83700,43.4377726,6.7862926,agences-var-83
SG SMC,"1137 AV DE LA CORNICHE D'AZUR, 83370 FREJUS",83370,43.41332,6.7259176,agences-var-83
SG SMC,"14 PL LOUIS BLANC, 83120 STE MAXIME",83120,43.3087783,6.6389156,agences-var-83
SG SMC,"132 BD BAZEILLES, 83000 TOULON",83000,43.1125048,5.9384934,agences-var-83
SG SMC,"401 AV DU XVE CORPS, 83200 TOULON",83200,43.1880146,5.9449151,agences-var-83
SG SMC,"7 RUE RACINE, 83000 TOULON",83000,43.1241369,5.9321666,agences-var-83
SG SMC,"555 BD MARECHAL JOFFRE, 83100 TOULON",83100,43.1248642,5.9563647,agences-var-83
SG SMC,"204 B AV DE LANCON, 84400 APT",84400,43.8846257,5.3783211,agences-vaucluse-84
SG SMC,"20 RUE DE LA REPUBLIQUE, 84000 AVIGNON",84000,43.946558,4.8056328,agences-vaucluse-84
SG SMC,"53 AV PIERRE SEMARD, 84000 AVIGNON",84000,43.939771,4.820895,agences-vaucluse-84
SG AUVERGNE RHÔNE ALPES,"PL H R DE LA GARDETTE, 84500 BOLLENE",84500,44.288637,4.7540638,agences-vaucluse-84
SG SMC,"35 BD ALBIN DURAND, 84200 CARPENTRAS",84200,44.0524479,5.0467681,agences-vaucluse-84
SG SMC,"2 CRS GAMBETTA, 84300 CAVAILLON",84300,43.8370971,5.0402297,agences-vaucluse-84
SG SMC,"25 ALL DES MICOCOULIERS, 84660 MAUBEC",84660,43.8680214,5.1436651,agences-vaucluse-84
SG SMC,"25 QU ROUGET DE LISLE, 84800 L ISLE SUR LA SORGUE",84800,43.9179202,5.0508017,agences-vaucluse-84
SG SMC,"43 RUE JEAN GASSIER, 84130 LE PONTET",84130,43.9527644,4.858616,agences-vaucluse-84
SG SMC,"8 RUE DE LA REPUBLIQUE, 84100 ORANGE",84100,44.1372746,4.8086692,agences-vaucluse-84
SG SMC,"139 AV DU BARIOT, 84210 PERNES LES FONTAINES",84210,43.9895235,5.0874103,agences-vaucluse-84
SG SMC,"25 CRS DE LA REPUBLIQUE, 84120 PERTUIS",84120,43.6932188,5.5013019,agences-vaucluse-84
SG SMC,"643 RTE D'AIX, 84120 PERTUIS",84120,43.6817596,5.5006517,agences-vaucluse-84
SG SMC,"41 AV DU 11 NOVEMBRE, 84700 SORGUES",84700,44.00845,4.8731973,agences-vaucluse-84
SG SMC,"1 RUE GENERAL DE GAULLE, 84110 VAISON LA ROMAINE",84110,44.247265,5.0611348,agences-vaucluse-84
SG SMC,"69 GRAND RUE, 84110 VAISON LA ROMAINE",84110,44.23846,5.0706849,agences-vaucluse-84
SG AUVERGNE RHÔNE ALPES,"RUE DU PORTALON, 84600 VALREAS",84600,44.3826193,4.9904328,agences-vaucluse-84
SG SMC,"AV PIERRE DE COUBERTIN, 84270 VEDENE",84270,43.9803098,4.9065331,agences-vaucluse-84
SG GRAND OUEST,"23 RUE DE L'HOTEL DE VILLE, 85190 AIZENAY",85190,46.7394391,-1.6071515,agences-vendee-85
SG GRAND OUEST,"11 RUE DE LA PAIX, 85300 CHALLANS",85300,46.8471198,-1.8789876,agences-vendee-85
SG GRAND OUEST,"39 RUE DE LA REPUBLIQUE, 85200 FONTENAY LE COMTE",85200,46.4651857,-0.8030666,agences-vendee-85
SG GRAND OUEST,"14 RUE GEORGES CLEMENCEAU, 85000 LA ROCHE SUR YON",85000,46.669966,-1.4296495,agences-vendee-85
SG GRAND OUEST,"9 RUE DE L'EGLISE, 85500 LES HERBIERS",85500,46.8711897,-1.0146265,agences-vendee-85
SG GRAND OUEST,"PL DU POILU DE FRANCE, 85100 LES SABLES D OLONNE",85100,46.497112,-1.7837923,agences-vendee-85
SG GRAND OUEST,"3 AV DU COMMANDANT BELMONT, 85180 LES SABLES D OLONNE",85180,46.4890445,-1.7505283,agences-vendee-85
SG GRAND OUEST,"28 QU RENE GUINE, 85100 LES SABLES D OLONNE",85100,46.4960385,-1.7945918,agences-vendee-85
SG GRAND OUEST,"15 RUE GEORGES CLEMENCEAU, 85400 LUCON",85400,46.4556617,-1.1666905,agences-vendee-85
SG GRAND OUEST,"10 RUE DU ROSAIRE, 85330 NOIRMOUTIER EN L ILE",85330,46.9999579,-2.2456459,agences-vendee-85
SG GRAND OUEST,"7 RUE GAUTTE, 85800 ST GILLES CROIX DE VIE",85800,46.6962704,-1.9337641,agences-vendee-85
SG TARNEAUD,"5 AV TREUILLE, 86100 CHATELLERAULT",86100,46.8184328,0.5473823,agences-vienne-86
SG TARNEAUD,"1 PL DE L'EGLISE, 86130 JAUNAY MARIGNY",86130,46.685857,0.37088,agences-vienne-86
SG TARNEAUD,"58 BD DE STRASBOURG, 86500 MONTMORILLON",86500,46.425527,0.8699244,agences-vienne-86
SG TARNEAUD,"39 PL DU MAL LECLERC, 86000 POITIERS",86000,46.5805024,0.3403789,agences-vienne-86
SG TARNEAUD,"CTRE CIAL COURONNERIES, 86000 POITIERS",86000,46.5845278,0.3679823,agences-vienne-86
SG TARNEAUD,"130 AV LA LIBERATION, 86000 POITIERS",86000,46.5845278,0.3679823,agences-vienne-86
SG TARNEAUD,"21 AV DU RECTEUR PINEAU, 86000 POITIERS",86000,46.5678846,0.3876486,agences-vienne-86
SG GRAND EST,"20 PL HENRI BRETON, 88130 CHARMES",88130,48.3718324,6.2924905,agences-vosges-88
SG GRAND EST,"2 PL DES QUATRE NATIONS, 88000 EPINAL",88000,48.1766265,6.4464702,agences-vosges-88
SG GRAND EST,"7 RUE F MITTERRAND, 88400 GERARDMER",88400,48.0694395,6.8897173,agences-vosges-88
SG GRAND EST,"1/3 PL GAL DE GAULLE, 88500 MIRECOURT",88500,48.3005302,6.1312974,agences-vosges-88
SG GRAND EST,"3 RUE JULES FERRY, 88300 NEUFCHATEAU",88300,48.3569884,5.6928681,agences-vosges-88
SG GRAND EST,"25 PL DE LATTRE DE TASSIGNY, 88200 REMIREMONT",88200,48.0165626,6.5890342,agences-vosges-88
SG GRAND EST,"2 RUE GAMBETTA, 88100 ST DIE DES VOSGES",88100,48.2833707,6.9486464,agences-vosges-88
SG GRAND EST,"15 RUE DE LORRAINE, 88150 THAON LES VOSGES",88150,48.2521258,6.41875,agences-vosges-88
SG GRAND EST,"667 AV GEORGES CLEMENCEAU, 88800 VITTEL",88800,48.1953221,5.9323294,agences-vosges-88
SG GRAND EST,"PL DES CORDELIERS, 89000 AUXERRE",89000,47.7964378,3.5698675,agences-yonne-89
SG GRAND EST,"1 RUE DE LYON, 89200 AVALLON",89200,47.4903491,3.9102575,agences-yonne-89
SG GRAND EST,"6 AV GAMBETTA, 89300 JOIGNY",89300,47.9801996,3.3948372,agences-yonne-89
SG SOCIETE GENERALE,"8 RUE DE LA GARE, 89140 PONT SUR YONNE",89140,48.286441,3.203531,agences-yonne-89
SG GRAND EST,"24 GRANDE RUE, 89600 ST FLORENTIN",89600,48.0007349,3.7284014,agences-yonne-89
SG SOCIETE GENERALE,"96 PL DRAPES, 89100 SENS",89100,48.1984775,3.2832756,agences-yonne-89
SG GRAND EST,"8 RUE DE L HOPITAL, 89700 TONNERRE",89700,47.8554254,3.9738817,agences-yonne-89
SG SOCIETE GENERALE,"4 AV DE STALINGRAD, 78260 ACHERES",78260,48.960381,2.068619,agences-yvelines-78
SG SOCIETE GENERALE,"54 B AV JEAN JAURES, 78390 BOIS D ARCY",78390,48.7997094,2.0387909,agences-yvelines-78
SG SOCIETE GENERALE,"1 RUE DE LA REPUBLIQUE, 78270 BONNIERES SUR SEINE",78270,,,agences-yvelines-78
SG SOCIETE GENERALE,"CHE DEPARTEMENTAL 110, 78200 BUCHELAY",78200,48.9567026,1.6307396,agences-yvelines-78
SG SOCIETE GENERALE,"313 RUE E . JOLLY, 78955 CARRIERES SOUS POISSY",78955,48.9470739,2.0283635,agences-yvelines-78
SG SOCIETE GENERALE,"53 BD CARNOT, 78420 CARRIERES SUR SEINE",78420,48.9099022,2.1798809,agences-yvelines-78
SG SOCIETE GENERALE,"17 AV GUIBERT C.COMM, 78170 LA CELLE ST CLOUD",78170,48.8497878,2.1395475,agences-yvelines-78
SG SOCIETE GENERALE,"PL DE LA MAIRIE, 78240 CHAMBOURCY",78240,48.8973668,2.0255396,agences-yvelines-78
SG SOCIETE GENERALE,"4 PL MAURICE BERTEAUX, 78400 CHATOU",78400,48.8871445,2.1549929,agences-yvelines-78
SG SOCIETE GENERALE,"20 RUE AUGUSTE RENOIR, 78400 CHATOU",78400,48.902445,2.15624,agences-yvelines-78
SG SOCIETE GENERALE,"15 RUE POTTIER, 78150 LE CHESNAY ROCQUENCOURT",78150,48.8269777,2.1248218,agences-yvelines-78
SG SOCIETE GENERALE,"17 PL DE LA LIBERTE, 78700 CONFLANS STE HONORINE",78700,49.0058607,2.1160197,agences-yvelines-78
SG SOCIETE GENERALE,"54 RUE M. BERTEAUX, 78700 CONFLANS STE HONORINE",78700,49.0017356,2.0973608,agences-yvelines-78
SG SOCIETE GENERALE,"1 AV CARNOT, 78290 CROISSY SUR SEINE",78290,48.8788536,2.1425886,agences-yvelines-78
SG SOCIETE GENERALE,"R DU CHEMIN AUX BOEUFS, 78990 ELANCOURT",78990,48.7662545,1.9471493,agences-yvelines-78
SG SOCIETE GENERALE,"66 RTE DES 40 SOUS, 78410 FLINS-SUR-SEINE",78410,48.9573567,1.8740024,agences-yvelines-78
SG SOCIETE GENERALE,"7 RUE PASTEUR, 78330 FONTENAY LE FLEURY",78330,48.8125352,2.0464234,agences-yvelines-78
SG SOCIETE GENERALE,"4 AV MLLE DOSNE, 78440 GARGENVILLE",78440,49.021647,1.7808132,agences-yvelines-78
SG SOCIETE GENERALE,"10 B PL DE L'EGLISE, 78280 GUYANCOURT",78280,48.7713114,2.0699488,agences-yvelines-78
SG SOCIETE GENERALE,"64 GRANDE RUE, 78550 HOUDAN",78550,48.7896808,1.6010681,agences-yvelines-78
SG SOCIETE GENERALE,"9 AV DU MARECHAL FOCH, 78800 HOUILLES",78800,48.9229814,2.1882735,agences-yvelines-78
SG SOCIETE GENERALE,"10 RUE OBERKAMPF, 78350 JOUY EN JOSAS",78350,48.7639252,2.1675847,agences-yvelines-78
SG SOCIETE GENERALE,"4 RUE DE LA CELLE, 78150 LE CHESNAY ROCQUENCOURT",78150,48.8169547,2.1250254,agences-yvelines-78
SG SOCIETE GENERALE,"77 RUE EMILE FONTANIER, 78320 LE MESNIL ST DENIS",78320,48.7432295,1.9498548,agences-yvelines-78
SG SOCIETE GENERALE,"86 RUE DE PARIS, 78610 LE PERRAY EN YVELINES",78610,48.6992033,1.8590112,agences-yvelines-78
SG SOCIETE GENERALE,"81 RUE HENRI CLOPPET, 78110 LE VESINET",78110,48.8902454,2.1402654,agences-yvelines-78
SG SOCIETE GENERALE,"16 AV MAURICE JOUET, 78340 LES CLAYES SOUS BOIS",78340,48.8168287,1.9847828,agences-yvelines-78
SG SOCIETE GENERALE,"6 PL DE LA LIBERATION, 78130 LES MUREAUX",78130,48.9933291,1.9097581,agences-yvelines-78
SG SOCIETE GENERALE,"RUE DU GAL DE GAULLE, 78430 LOUVECIENNES",78430,48.8597363,2.1166739,agences-yvelines-78
SG SOCIETE GENERALE,"22 AV DE LONGUEIL, 78600 MAISONS LAFFITTE",78600,48.947212,2.146326,agences-yvelines-78
SG SOCIETE GENERALE,"10 AV DE LA REPUBLIQUE, 78200 MANTES LA JOLIE",78200,48.9896242,1.7136586,agences-yvelines-78
SG SOCIETE GENERALE,"1 RUE P. DE RONSARD, 78200 MANTES LA JOLIE",78200,48.9567026,1.6307396,agences-yvelines-78
SG SOCIETE GENERALE,"40 RUE DES CLOSEAUX, 78750 MAREIL MARLY",78750,48.8869835,2.0781584,agences-yvelines-78
SG SOCIETE GENERALE,"C.COM. GRANDES TERRES, 78160 MARLY LE ROI",78160,48.866042,2.0909777,agences-yvelines-78
SG SOCIETE GENERALE,"5 PL DU GENERAL DE GAULLE, 78580 MAULE",78580,48.9099365,1.8494382,agences-yvelines-78
SG SOCIETE GENERALE,"3 ALL DE COTE D' OR, 78310 MAUREPAS",78310,48.7593965,1.9224347,agences-yvelines-78
SG SOCIETE GENERALE,"5 PL BRIGITTE GROS, 78250 MEULAN EN YVELINES",78250,49.004637,1.910142,agences-yvelines-78
SG SOCIETE GENERALE,"1 RUE DE PARIS, 78490 MONTFORT L AMAURY",78490,48.7778972,1.8085852,agences-yvelines-78
SG SOCIETE GENERALE,"4 RUE ANDRE LEBOURBLANC, 78590 NOISY LE ROI",78590,48.8443048,2.0548354,agences-yvelines-78
SG SOCIETE GENERALE,"PL DE L'EGLISE, 78630 ORGEVAL",78630,48.9196417,1.9764532,agences-yvelines-78
SG SOCIETE GENERALE,"RUE GRAND PLAISIR, 78370 PLAISIR",78370,47.9269427,1.9712009,agences-yvelines-78
SG SOCIETE GENERALE,"86 RUE DU GAL DE GAULLE, 78300 POISSY",78300,48.9240863,2.0326949,agences-yvelines-78
SG SOCIETE GENERALE,"29 PL FELIX FAURE, 78120 RAMBOUILLET",78120,48.6430943,1.8265667,agences-yvelines-78
SG SOCIETE GENERALE,"35 RUE CH. DE GAULLE, 78730 ST ARNOULT EN YVELINES",78730,48.5652685,1.9611557,agences-yvelines-78
SG SOCIETE GENERALE,"2 RUE DE LA REPUBLIQUE, 78100 ST GERMAIN EN LAYE",78100,48.897997,2.0933311,agences-yvelines-78
SG SOCIETE GENERALE,"51 RUE DE POLOGNE, 78100 ST GERMAIN EN LAYE",78100,48.8976416,2.0887627,agences-yvelines-78
SG SOCIETE GENERALE,"2 AV CHARLES DE GAULLE, 78860 ST NOM LA BRETECHE",78860,48.8554649,2.0204931,agences-yvelines-78
SG SOCIETE GENERALE,"40 RUE GABRIEL PERI, 78210 ST CYR L ECOLE",78210,48.8028228,2.060432,agences-yvelines-78
SG SOCIETE GENERALE,"34 AV JEAN JAURES, 78500 SARTROUVILLE",78500,48.9410098,2.160855,agences-yvelines-78
SG SOCIETE GENERALE,"10/12 RUE DE PARIS, 78100 ST GERMAIN EN LAYE",78100,48.89595,2.0921136,agences-yvelines-78
SG SOCIETE GENERALE,"RUE DE L'AURORE, 78100 ST GERMAIN EN LAYE",78100,48.8946891,2.0713548,agences-yvelines-78
SG SOCIETE GENERALE,"2 PAS DES LOMBARDS, 78180 MONTIGNY LE BRETONNEUX",78180,48.784318,2.044866,agences-yvelines-78
SG SOCIETE GENERALE,"5 AV GENERAL LECLERC, 78470 ST REMY LES CHEVREUSE",78470,48.7065053,2.0714264,agences-yvelines-78
SG SOCIETE GENERALE,"54 RUE JEAN JAURES, 78190 TRAPPES",78190,48.7748378,1.997571,agences-yvelines-78
SG SOCIETE GENERALE,"184 RUE PAUL DOUMER, 78510 TRIEL SUR SEINE",78510,48.980677,2.0036601,agences-yvelines-78
SG SOCIETE GENERALE,"AV DU GAL DE GAULLE, 78140 VELIZY VILLACOUBLAY",78140,48.7838038,2.1941736,agences-yvelines-78
SG SOCIETE GENERALE,"RUE DES ROSIERS, 78480 VERNEUIL SUR SEINE",78480,48.9861001,1.9681566,agences-yvelines-78
SG SOCIETE GENERALE,"49 RUE DE LA PAROISSE, 78000 VERSAILLES",78000,48.8071075,2.1303481,agences-yvelines-78
SG SOCIETE GENERALE,"28 RUE DE MONTREUIL, 78000 VERSAILLES",78000,48.8048056,2.1449087,agences-yvelines-78
SG SOCIETE GENERALE,"93 RUE YVES LE COZ, 78000 VERSAILLES",78000,48.7951359,2.1562973,agences-yvelines-78
SG SOCIETE GENERALE,"3 RUE DU GENERAL LECLERC, 78000 VERSAILLES",78000,48.7996268,2.1250294,agences-yvelines-78
SG SOCIETE GENERALE,"92 B RTE DE MONTESSON, 78110 LE VESINET",78110,48.8995885,2.12174,agences-yvelines-78
SG SOCIETE GENERALE,"19 PL DE L'EGLISE, 78670 VILLENNES SUR SEINE",78670,48.9387076,1.9986673,agences-yvelines-78
SG SOCIETE GENERALE,"58 RUE RIEUSSEC, 78220 VIROFLAY",78220,48.7996749,2.1713213,agences-yvelines-78
SG SOCIETE GENERALE,"21 RUE HELENE BOUCHER, 78960 VOISINS LE BRETONNEUX",78960,48.7583835,2.0514916,agences-yvelines-78
